50,50,4113.15,3101.28
50,100,5794.64,3101.28
50,150,4315.71,3131.46
50,200,5612.16,2667.22
50,250,4812.79,2711.68
50,300,4821.33,2658.18
50,350,5794.64,3101.28
50,400,4315.71,3131.46
50,450,5794.64,3101.28
50,500,4821.33,2658.18
50,550,4821.33,2400.52
50,600,5074.03,2667.22
50,650,4821.33,2658.18
50,700,5794.64,3101.28
50,750,4823.38,2667.22
50,800,5074.03,2667.22
50,850,5794.64,3101.28
50,900,5794.64,3101.28
50,950,5794.64,2667.22
50,1000,4315.71,3131.46
100,50,5074.03,2400.52
100,100,5794.64,3101.28
100,150,4079.54,3131.46
100,200,5794.64,3101.28
100,250,4821.33,2658.18
100,300,5794.64,2667.22
100,350,5794.64,3101.28
100,400,5794.64,2667.22
100,450,5074.03,2667.22
100,500,4821.33,2658.18
100,550,5794.64,2667.22
100,600,5794.64,3101.28
100,650,5794.64,3101.28
100,700,4315.71,3131.46
100,750,5074.03,2400.52
100,800,5074.03,2667.22
100,850,5016.12,3101.28
100,900,5074.03,2667.22
100,950,5794.64,3101.28
100,1000,5794.64,2667.22
150,50,4821.33,2658.18
150,100,4812.79,2711.68
150,150,5794.64,2667.22
150,200,5794.64,3101.28
150,250,5794.64,3101.28
150,300,5794.64,3101.28
150,350,4812.79,2711.68
150,400,5794.64,3101.28
150,450,5794.64,3101.28
150,500,5794.64,3101.28
150,550,5794.64,3101.28
150,600,5794.64,3101.28
150,650,5074.03,2667.22
150,700,5794.64,3101.28
150,750,5794.64,2667.22
150,800,5016.12,3101.28
150,850,4823.38,2667.22
150,900,5794.64,3101.28
150,950,5794.64,3101.28
150,1000,5794.64,2667.22
200,50,4079.54,3131.46
200,100,5074.03,2667.22
200,150,5794.64,3101.28
200,200,5794.64,2667.22
200,250,4821.33,2658.18
200,300,4823.38,2667.22
200,350,5794.64,3101.28
200,400,4315.71,3131.46
200,450,4315.71,3131.46
200,500,5006.05,3101.28
200,550,5794.64,3101.28
200,600,5074.03,2667.22
200,650,5794.64,3101.28
200,700,5794.64,3101.28
200,750,5794.64,3101.28
200,800,5794.64,3101.28
200,850,5794.64,3101.28
200,900,4748.61,3101.28
200,950,5794.64,3101.28
200,1000,5794.64,3101.28
250,50,4821.33,2658.18
250,100,5794.64,3101.28
250,150,5794.64,3101.28
250,200,5074.03,2400.52
250,250,4823.38,2667.22
250,300,4821.33,2400.52
250,350,5794.64,2667.22
250,400,5794.64,3101.28
250,450,4079.54,3101.28
250,500,4113.15,3101.28
250,550,5794.64,3101.28
250,600,5794.64,3101.28
250,650,4079.54,3131.46
250,700,5074.03,2667.22
250,750,5022.26,3101.28
250,800,5794.64,2667.22
250,850,5794.64,3101.28
250,900,5074.03,2667.22
250,950,5794.64,3101.28
250,1000,5794.64,3101.28
300,50,4823.38,2667.22
300,100,5074.03,2400.52
300,150,5794.64,3101.28
300,200,4079.54,3131.46
300,250,5794.64,3101.28
300,300,4079.54,3131.46
300,350,5794.64,3101.28
300,400,4821.33,2658.18
300,450,4821.33,2658.18
300,500,5794.64,3101.28
300,550,5794.64,2667.22
300,600,5794.64,3101.28
300,650,5074.03,2667.22
300,700,5074.03,2667.22
300,750,5794.64,3101.28
300,800,5794.64,3101.28
300,850,4823.38,2667.22
300,900,5794.64,3101.28
300,950,5794.64,3101.28
300,1000,5794.64,3101.28
350,50,5794.64,2667.22
350,100,5794.64,3101.28
350,150,5016.12,3101.28
350,200,5794.64,3101.28
350,250,5016.12,3101.28
350,300,4113.15,3101.28
350,350,5794.64,3101.28
350,400,5794.64,2667.22
350,450,5074.03,2667.22
350,500,5794.64,3101.28
350,550,5074.03,2667.22
350,600,5074.03,2400.52
350,650,5006.05,3101.28
350,700,5794.64,3101.28
350,750,5794.64,3101.28
350,800,4823.38,2667.22
350,850,4823.38,2667.22
350,900,5794.64,2667.22
350,950,5794.64,3101.28
350,1000,5074.03,2711.68
400,50,5794.64,3101.28
400,100,4821.33,2658.18
400,150,5794.64,3101.28
400,200,5794.64,2667.22
400,250,4315.71,3131.46
400,300,4315.71,3131.46
400,350,5794.64,3101.28
400,400,4821.33,2658.18
400,450,5794.64,2667.22
400,500,5794.64,3101.28
400,550,5794.64,3101.28
400,600,5794.64,3101.28
400,650,4821.33,2658.18
400,700,5074.03,2667.22
400,750,5794.64,3101.28
400,800,4315.71,3131.46
400,850,5794.64,3101.28
400,900,4812.79,2711.68
400,950,5794.64,3101.28
400,1000,5794.64,3101.28
450,50,5794.64,2667.22
450,100,5794.64,2667.22
450,150,5074.03,2711.68
450,200,4823.38,2667.22
450,250,4823.38,2667.22
450,300,4823.38,2667.22
450,350,5612.16,2667.22
450,400,4092.87,2711.68
450,450,5794.64,3101.28
450,500,5794.64,3101.28
450,550,5794.64,3101.28
450,600,5794.64,3101.28
450,650,5794.64,3101.28
450,700,4748.61,3101.28
450,750,4092.87,2711.68
450,800,4092.87,2711.68
450,850,4823.38,2667.22
450,900,5794.64,3101.28
450,950,5794.64,2667.22
450,1000,5794.64,3101.28
500,50,5794.64,3101.28
500,100,5794.64,3101.28
500,150,4821.33,2658.18
500,200,4748.61,3101.28
500,250,5794.64,3101.28
500,300,5794.64,3101.28
500,350,4315.71,3131.46
500,400,4079.54,3131.46
500,450,5794.64,3101.28
500,500,5794.64,3101.28
500,550,5074.03,2667.22
500,600,4748.61,3101.28
500,650,5794.64,3101.28
500,700,4748.61,3101.28
500,750,5794.64,3101.28
500,800,4113.15,3101.28
500,850,5794.64,3101.28
500,900,4821.33,2658.18
500,950,5016.12,3101.28
500,1000,5794.64,3101.28
550,50,5074.03,2667.22
550,100,5794.64,3101.28
550,150,5074.03,2667.22
550,200,4079.54,3131.46
550,250,4821.33,2658.18
550,300,5794.64,3101.28
550,350,4821.33,2658.18
550,400,5794.64,3101.28
550,450,5612.16,2667.22
550,500,4079.54,3131.46
550,550,5074.03,2667.22
550,600,5794.64,3101.28
550,650,5794.64,2667.22
550,700,5794.64,2667.22
550,750,5794.64,3101.28
550,800,5074.03,2400.52
550,850,5794.64,2667.22
550,900,5794.64,3101.28
550,950,4823.38,2667.22
550,1000,5794.64,3101.28
600,50,4092.87,2711.68
600,100,4821.33,2658.18
600,150,5794.64,3101.28
600,200,4079.54,3131.46
600,250,5794.64,3101.28
600,300,4821.33,2658.18
600,350,5794.64,2667.22
600,400,5794.64,3101.28
600,450,4821.33,2400.52
600,500,4821.33,2658.18
600,550,4062.49,3101.28
600,600,5794.64,3101.28
600,650,5794.64,2667.22
600,700,4821.33,2658.18
600,750,4821.33,2400.52
600,800,4062.49,3101.28
600,850,4821.33,2658.18
600,900,5074.03,2667.22
600,950,4821.33,2658.18
600,1000,4821.33,2658.18
650,50,5794.64,3101.28
650,100,4113.15,3101.28
650,150,5794.64,3101.28
650,200,5074.03,2667.22
650,250,5074.03,2400.52
650,300,5016.12,3101.28
650,350,4113.15,3101.28
650,400,5794.64,3101.28
650,450,5794.64,3101.28
650,500,4821.33,2658.18
650,550,5794.64,3101.28
650,600,5794.64,3101.28
650,650,5794.64,2667.22
650,700,5794.64,3101.28
650,750,5794.64,3101.28
650,800,4821.33,2658.18
650,850,5074.03,2667.22
650,900,5794.64,3101.28
650,950,5794.64,3101.28
650,1000,5794.64,3101.28
700,50,4823.38,2667.22
700,100,5794.64,3101.28
700,150,5794.64,2667.22
700,200,5794.64,3101.28
700,250,5794.64,3101.28
700,300,4113.15,3101.28
700,350,5006.05,3101.28
700,400,5016.12,3101.28
700,450,4821.33,2658.18
700,500,5074.03,2667.22
700,550,4823.38,2667.22
700,600,5794.64,3101.28
700,650,5794.64,2667.22
700,700,4315.71,3131.46
700,750,4821.33,2658.18
700,800,4823.38,2667.22
700,850,5794.64,3101.28
700,900,5794.64,2667.22
700,950,5794.64,3101.28
700,1000,5794.64,3101.28
750,50,5794.64,3101.28
750,100,4823.38,2667.22
750,150,5794.64,2667.22
750,200,5794.64,3101.28
750,250,5794.64,3101.28
750,300,5794.64,3101.28
750,350,5794.64,3101.28
750,400,4821.33,2658.18
750,450,5794.64,3101.28
750,500,4062.49,3101.28
750,550,5794.64,3101.28
750,600,5016.12,3101.28
750,650,4113.15,3101.28
750,700,5074.03,2400.52
750,750,5006.05,3101.28
750,800,4821.33,2658.18
750,850,4113.15,3101.28
750,900,5794.64,2667.22
750,950,5794.64,3101.28
750,1000,5794.64,3101.28
800,50,5794.64,3101.28
800,100,4823.38,2667.22
800,150,4821.33,2658.18
800,200,5794.64,3101.28
800,250,4315.71,3131.46
800,300,4748.61,3101.28
800,350,4823.38,2667.22
800,400,5794.64,3101.28
800,450,5074.03,2711.68
800,500,5794.64,3101.28
800,550,4823.38,2667.22
800,600,5794.64,3101.28
800,650,4821.33,2658.18
800,700,4062.49,3101.28
800,750,5074.03,2667.22
800,800,4315.71,3131.46
800,850,4821.33,2658.18
800,900,4315.71,3131.46
800,950,5074.03,2667.22
800,1000,5794.64,2667.22
850,50,5794.64,3101.28
850,100,4113.15,3101.28
850,150,5794.64,3101.28
850,200,5794.64,3101.28
850,250,5794.64,3101.28
850,300,5074.03,2667.22
850,350,5794.64,3101.28
850,400,5074.03,2667.22
850,450,4821.33,2658.18
850,500,5074.03,2667.22
850,550,5794.64,3101.28
850,600,5016.12,3101.28
850,650,5794.64,3101.28
850,700,4821.33,2658.18
850,750,5794.64,2667.22
850,800,5794.64,3101.28
850,850,5794.64,3101.28
850,900,5794.64,3101.28
850,950,4821.33,2400.52
850,1000,5794.64,2667.22
900,50,5794.64,3101.28
900,100,5794.64,2667.22
900,150,4079.54,3131.46
900,200,4821.33,2400.52
900,250,4821.33,2658.18
900,300,4821.33,2658.18
900,350,5794.64,3101.28
900,400,4823.38,2667.22
900,450,5612.16,2667.22
900,500,4821.33,2658.18
900,550,4821.33,2400.52
900,600,5794.64,3101.28
900,650,5794.64,3101.28
900,700,5074.03,2400.52
900,750,4821.33,2658.18
900,800,5794.64,3101.28
900,850,5016.12,3101.28
900,900,5016.12,3101.28
900,950,5794.64,3101.28
900,1000,5794.64,3101.28
950,50,5794.64,3101.28
950,100,5794.64,2667.22
950,150,5794.64,3101.28
950,200,5794.64,3101.28
950,250,5794.64,2667.22
950,300,4967.73,3101.28
950,350,5074.03,2400.52
950,400,5794.64,3101.28
950,450,4821.33,2658.18
950,500,5794.64,3101.28
950,550,5794.64,3101.28
950,600,4821.33,2400.52
950,650,5794.64,3101.28
950,700,4113.15,3101.28
950,750,4821.33,2658.18
950,800,4821.33,2400.52
950,850,5794.64,3101.28
950,900,5794.64,2667.22
950,950,5794.64,2667.22
950,1000,4821.33,2658.18
1000,50,4823.38,2667.22
1000,100,5794.64,3101.28
1000,150,5794.64,3101.28
1000,200,5006.05,3101.28
1000,250,5794.64,3101.28
1000,300,4315.71,3131.46
1000,350,5022.26,3101.28
1000,400,5794.64,3101.28
1000,450,4315.71,3131.46
1000,500,5794.64,2667.22
1000,550,4821.33,2658.18
1000,600,5612.16,2667.22
1000,650,4823.38,2667.22
1000,700,4821.33,2658.18
1000,750,5794.64,3101.28
1000,800,5794.64,3101.28
1000,850,5074.03,2667.22
1000,900,4821.33,2400.52
1000,950,4821.33,2658.18
1000,1000,5794.64,2667.22
