1,1,3178.51,1177.92
1,2,3434.41,1177.92
1,3,3434.41,1177.92
1,4,3178.51,1177.92
1,5,3434.41,1177.92
1,6,3178.51,1177.92
1,7,3434.41,1177.92
1,8,3434.41,1177.92
1,9,3434.41,1177.92
1,10,3434.41,1177.92
1,11,3178.51,1177.92
1,12,3027.32,1177.92
1,13,2200.92,1177.92
1,14,3284.61,1177.92
1,15,3434.41,1177.92
1,16,3434.41,1177.92
1,17,3027.32,1177.92
1,18,2200.92,1177.92
1,19,3434.41,1177.92
1,20,3178.51,1177.92
1,21,3027.32,1177.92
1,22,3178.51,1177.92
1,23,3434.41,1177.92
1,24,3434.41,1177.92
1,25,3434.41,1177.92
1,26,3178.51,1177.92
1,27,3434.41,1177.92
1,28,3434.41,1177.92
1,29,3027.32,1177.92
1,30,3178.51,1177.92
1,31,3178.51,1177.92
1,32,3027.32,1177.92
1,33,3434.41,1177.92
1,34,2677.39,1177.92
1,35,3434.41,1177.92
1,36,3434.41,1177.92
1,37,2771.42,1177.92
1,38,2200.92,1177.92
1,39,3178.51,1177.92
1,40,3434.41,1177.92
1,41,3434.41,1177.92
1,42,2200.92,1177.92
1,43,3284.61,1177.92
1,44,3434.41,1177.92
1,45,3434.41,1177.92
1,46,3434.41,1177.92
1,47,3178.51,1177.92
1,48,3434.41,1177.92
1,49,3434.41,1177.92
1,50,3178.51,1177.92
2,1,3284.61,1177.92
2,2,3434.41,1177.92
2,3,3434.41,1177.92
2,4,3178.51,1177.92
2,5,2200.92,1177.92
2,6,3434.41,1177.92
2,7,3027.32,1177.92
2,8,3434.41,1177.92
2,9,3434.41,1177.92
2,10,3434.41,1177.92
2,11,3178.51,1177.92
2,12,3434.41,1177.92
2,13,3434.41,1177.92
2,14,3434.41,1177.92
2,15,3434.41,1177.92
2,16,2200.92,1177.92
2,17,3434.41,1177.92
2,18,3434.41,1177.92
2,19,3434.41,1177.92
2,20,3178.51,1177.92
2,21,3178.51,1177.92
2,22,3434.41,1177.92
2,23,3178.51,1177.92
2,24,2200.92,1177.92
2,25,2200.92,1177.92
2,26,3434.41,1177.92
2,27,3027.32,1177.92
2,28,2200.92,1177.92
2,29,3178.51,1177.92
2,30,3178.51,1177.92
2,31,3178.51,1177.92
2,32,3178.51,1177.92
2,33,3284.61,1177.92
2,34,3178.51,1177.92
2,35,3434.41,1177.92
2,36,3178.51,1177.92
2,37,3178.51,1177.92
2,38,3434.41,1177.92
2,39,3178.51,1177.92
2,40,3434.41,1177.92
2,41,3178.51,1177.92
2,42,3178.51,1177.92
2,43,2200.92,1177.92
2,44,3434.41,1177.92
2,45,3434.41,1177.92
2,46,3178.51,1177.92
2,47,3434.41,1177.92
2,48,3178.51,1177.92
2,49,3284.61,1177.92
2,50,2200.92,1177.92
3,1,3434.41,1177.92
3,2,3434.41,1177.92
3,3,3434.41,1177.92
3,4,3178.51,1177.92
3,5,3178.51,1177.92
3,6,3434.41,1177.92
3,7,3178.51,1177.92
3,8,3178.51,1177.92
3,9,3434.41,1177.92
3,10,3284.61,1177.92
3,11,3027.32,1177.92
3,12,3284.61,1177.92
3,13,3284.61,1177.92
3,14,3284.61,1177.92
3,15,3178.51,1177.92
3,16,3434.41,1177.92
3,17,3434.41,1177.92
3,18,2200.92,1177.92
3,19,3178.51,1177.92
3,20,3178.51,1177.92
3,21,3434.41,1177.92
3,22,3178.51,1177.92
3,23,3178.51,1177.92
3,24,3434.41,1177.92
3,25,3434.41,1177.92
3,26,3178.51,1177.92
3,27,3284.61,1177.92
3,28,2200.92,1177.92
3,29,3178.51,1177.92
3,30,3434.41,1177.92
3,31,3434.41,1177.92
3,32,3178.51,1177.92
3,33,3284.61,1177.92
3,34,2200.92,1177.92
3,35,3434.41,1177.92
3,36,3178.51,1177.92
3,37,2200.92,1177.92
3,38,3178.51,1177.92
3,39,3178.51,1177.92
3,40,3434.41,1177.92
3,41,3434.41,1177.92
3,42,3178.51,1177.92
3,43,2200.92,1177.92
3,44,3178.51,1177.92
3,45,3434.41,1177.92
3,46,3178.51,1177.92
3,47,3434.41,1177.92
3,48,3434.41,1177.92
3,49,3178.51,1177.92
3,50,3434.41,1177.92
4,1,3284.61,1177.92
4,2,3178.51,1177.92
4,3,3434.41,1177.92
4,4,3434.41,1177.92
4,5,3434.41,1177.92
4,6,3434.41,1177.92
4,7,3284.61,1177.92
4,8,3178.51,1177.92
4,9,3178.51,1177.92
4,10,3178.51,1177.92
4,11,3434.41,1177.92
4,12,3178.51,1177.92
4,13,3178.51,1177.92
4,14,2200.92,1177.92
4,15,3027.32,1177.92
4,16,3284.61,1177.92
4,17,3434.41,1177.92
4,18,3178.51,1177.92
4,19,3434.41,1177.92
4,20,3434.41,1177.92
4,21,3434.41,1177.92
4,22,3434.41,1177.92
4,23,3178.51,1177.92
4,24,3178.51,1177.92
4,25,3434.41,1177.92
4,26,3434.41,1177.92
4,27,3434.41,1177.92
4,28,3434.41,1177.92
4,29,3284.61,1177.92
4,30,3027.32,1177.92
4,31,3434.41,1177.92
4,32,3434.41,1177.92
4,33,3434.41,1177.92
4,34,3178.51,1177.92
4,35,3284.61,1177.92
4,36,2200.92,1177.92
4,37,3178.51,1177.92
4,38,2200.92,1177.92
4,39,3178.51,1177.92
4,40,3178.51,1177.92
4,41,3434.41,1177.92
4,42,3434.41,1177.92
4,43,3434.41,1177.92
4,44,3434.41,1177.92
4,45,3434.41,1177.92
4,46,3284.61,1177.92
4,47,3434.41,1177.92
4,48,3284.61,1177.92
4,49,3434.41,1177.92
4,50,3284.61,1177.92
5,1,3178.51,1177.92
5,2,2200.92,1177.92
5,3,3434.41,1177.92
5,4,2200.92,1177.92
5,5,3178.51,1177.92
5,6,3434.41,1177.92
5,7,3284.61,1177.92
5,8,3284.61,1177.92
5,9,3434.41,1177.92
5,10,3434.41,1177.92
5,11,3178.51,1177.92
5,12,3178.51,1177.92
5,13,3434.41,1177.92
5,14,3027.32,1177.92
5,15,2200.92,1177.92
5,16,3178.51,1177.92
5,17,3434.41,1177.92
5,18,3178.51,1177.92
5,19,2200.92,1177.92
5,20,3434.41,1177.92
5,21,3178.51,1177.92
5,22,3178.51,1177.92
5,23,3434.41,1177.92
5,24,3178.51,1177.92
5,25,3027.32,1177.92
5,26,3178.51,1177.92
5,27,3434.41,1177.92
5,28,2200.92,1177.92
5,29,3178.51,1177.92
5,30,3178.51,1177.92
5,31,3178.51,1177.92
5,32,3178.51,1177.92
5,33,3284.61,1177.92
5,34,3434.41,1177.92
5,35,3434.41,1177.92
5,36,3178.51,1177.92
5,37,3178.51,1177.92
5,38,3434.41,1177.92
5,39,3434.41,1177.92
5,40,3178.51,1177.92
5,41,3434.41,1177.92
5,42,2200.92,1177.92
5,43,3434.41,1177.92
5,44,3178.51,1177.92
5,45,2200.92,1177.92
5,46,3434.41,1177.92
5,47,3027.32,1177.92
5,48,3178.51,1177.92
5,49,3178.51,1177.92
5,50,2200.92,1177.92
6,1,3434.41,1177.92
6,2,3434.41,1177.92
6,3,2677.39,1177.92
6,4,3027.32,1177.92
6,5,3178.51,1177.92
6,6,3434.41,1177.92
6,7,3434.41,1177.92
6,8,3178.51,1177.92
6,9,3284.61,1177.92
6,10,3434.41,1177.92
6,11,3434.41,1177.92
6,12,3434.41,1177.92
6,13,2677.39,1177.92
6,14,2200.92,1177.92
6,15,3284.61,1177.92
6,16,3434.41,1177.92
6,17,2200.92,1177.92
6,18,3434.41,1177.92
6,19,3284.61,1177.92
6,20,3027.32,1177.92
6,21,2677.39,1177.92
6,22,3434.41,1177.92
6,23,3434.41,1177.92
6,24,3434.41,1177.92
6,25,3284.61,1177.92
6,26,3178.51,1177.92
6,27,3178.51,1177.92
6,28,3434.41,1177.92
6,29,2200.92,1177.92
6,30,3178.51,1177.92
6,31,3178.51,1177.92
6,32,3178.51,1177.92
6,33,3178.51,1177.92
6,34,3178.51,1177.92
6,35,3434.41,1177.92
6,36,3178.51,1177.92
6,37,3284.61,1177.92
6,38,3434.41,1177.92
6,39,3434.41,1177.92
6,40,3178.51,1177.92
6,41,3434.41,1177.92
6,42,3178.51,1177.92
6,43,2677.39,1177.92
6,44,3434.41,1177.92
6,45,3178.51,1177.92
6,46,3178.51,1177.92
6,47,3178.51,1177.92
6,48,3027.32,1177.92
6,49,3178.51,1177.92
6,50,3434.41,1177.92
7,1,3434.41,1177.92
7,2,3178.51,1177.92
7,3,3178.51,1177.92
7,4,3434.41,1177.92
7,5,3178.51,1177.92
7,6,3434.41,1177.92
7,7,3434.41,1177.92
7,8,2200.92,1177.92
7,9,3434.41,1177.92
7,10,3178.51,1177.92
7,11,3434.41,1177.92
7,12,3434.41,1177.92
7,13,3178.51,1177.92
7,14,3434.41,1177.92
7,15,3027.32,1177.92
7,16,3434.41,1177.92
7,17,2677.39,1177.92
7,18,3178.51,1177.92
7,19,3434.41,1177.92
7,20,3027.32,1177.92
7,21,3434.41,1177.92
7,22,3434.41,1177.92
7,23,2200.92,1177.92
7,24,3178.51,1177.92
7,25,3178.51,1177.92
7,26,3178.51,1177.92
7,27,3027.32,1177.92
7,28,3178.51,1177.92
7,29,3178.51,1177.92
7,30,3178.51,1177.92
7,31,3434.41,1177.92
7,32,2677.39,1177.92
7,33,3284.61,1177.92
7,34,2677.39,1177.92
7,35,3178.51,1177.92
7,36,3434.41,1177.92
7,37,3178.51,1177.92
7,38,3178.51,1177.92
7,39,3434.41,1177.92
7,40,3178.51,1177.92
7,41,3434.41,1177.92
7,42,3178.51,1177.92
7,43,3178.51,1177.92
7,44,3178.51,1177.92
7,45,2677.39,1177.92
7,46,3434.41,1177.92
7,47,3178.51,1177.92
7,48,2200.92,1177.92
7,49,3178.51,1177.92
7,50,3178.51,1177.92
8,1,3434.41,1177.92
8,2,3178.51,1177.92
8,3,3434.41,1177.92
8,4,3284.61,1177.92
8,5,3434.41,1177.92
8,6,3434.41,1177.92
8,7,2677.39,1177.92
8,8,3027.32,1177.92
8,9,3178.51,1177.92
8,10,3027.32,1177.92
8,11,3178.51,1177.92
8,12,3178.51,1177.92
8,13,3434.41,1177.92
8,14,3434.41,1177.92
8,15,2200.92,1177.92
8,16,3434.41,1177.92
8,17,3178.51,1177.92
8,18,3434.41,1177.92
8,19,3178.51,1177.92
8,20,3284.61,1177.92
8,21,3434.41,1177.92
8,22,3178.51,1177.92
8,23,3027.32,1177.92
8,24,3178.51,1177.92
8,25,3178.51,1177.92
8,26,3178.51,1177.92
8,27,2200.92,1177.92
8,28,3178.51,1177.92
8,29,3178.51,1177.92
8,30,3284.61,1177.92
8,31,3434.41,1177.92
8,32,3284.61,1177.92
8,33,3434.41,1177.92
8,34,3178.51,1177.92
8,35,3434.41,1177.92
8,36,3027.32,1177.92
8,37,3434.41,1177.92
8,38,3027.32,1177.92
8,39,3027.32,1177.92
8,40,3284.61,1177.92
8,41,3434.41,1177.92
8,42,3178.51,1177.92
8,43,3434.41,1177.92
8,44,3434.41,1177.92
8,45,2200.92,1177.92
8,46,3178.51,1177.92
8,47,3434.41,1177.92
8,48,3434.41,1177.92
8,49,3178.51,1177.92
8,50,3027.32,1177.92
9,1,3178.51,1177.92
9,2,3178.51,1177.92
9,3,3178.51,1177.92
9,4,3178.51,1177.92
9,5,3178.51,1177.92
9,6,3434.41,1177.92
9,7,3434.41,1177.92
9,8,3178.51,1177.92
9,9,3434.41,1177.92
9,10,3434.41,1177.92
9,11,3178.51,1177.92
9,12,3178.51,1177.92
9,13,3178.51,1177.92
9,14,3434.41,1177.92
9,15,3178.51,1177.92
9,16,3178.51,1177.92
9,17,3027.32,1177.92
9,18,3284.61,1177.92
9,19,3027.32,1177.92
9,20,3434.41,1177.92
9,21,3434.41,1177.92
9,22,3178.51,1177.92
9,23,3027.32,1177.92
9,24,3284.61,1177.92
9,25,3178.51,1177.92
9,26,3434.41,1177.92
9,27,3178.51,1177.92
9,28,3027.32,1177.92
9,29,3434.41,1177.92
9,30,3178.51,1177.92
9,31,3027.32,1177.92
9,32,3178.51,1177.92
9,33,3027.32,1177.92
9,34,3434.41,1177.92
9,35,3434.41,1177.92
9,36,3178.51,1177.92
9,37,3027.32,1177.92
9,38,3178.51,1177.92
9,39,3178.51,1177.92
9,40,3178.51,1177.92
9,41,3178.51,1177.92
9,42,3434.41,1177.92
9,43,3434.41,1177.92
9,44,3434.41,1177.92
9,45,3178.51,1177.92
9,46,3178.51,1177.92
9,47,2677.39,1177.92
9,48,3434.41,1177.92
9,49,3434.41,1177.92
9,50,3434.41,1177.92
10,1,3178.51,1177.92
10,2,3178.51,1177.92
10,3,3178.51,1177.92
10,4,3178.51,1177.92
10,5,3434.41,1177.92
10,6,3178.51,1177.92
10,7,3178.51,1177.92
10,8,3178.51,1177.92
10,9,3434.41,1177.92
10,10,3434.41,1177.92
10,11,3434.41,1177.92
10,12,2677.39,1177.92
10,13,3027.32,1177.92
10,14,3284.61,1177.92
10,15,3434.41,1177.92
10,16,3434.41,1177.92
10,17,3284.61,1177.92
10,18,3178.51,1177.92
10,19,2200.92,1177.92
10,20,3434.41,1177.92
10,21,3434.41,1177.92
10,22,3178.51,1177.92
10,23,3434.41,1177.92
10,24,3434.41,1177.92
10,25,3178.51,1177.92
10,26,3027.32,1177.92
10,27,2200.92,1177.92
10,28,3178.51,1177.92
10,29,3178.51,1177.92
10,30,3434.41,1177.92
10,31,3178.51,1177.92
10,32,3178.51,1177.92
10,33,3434.41,1177.92
10,34,3434.41,1177.92
10,35,3434.41,1177.92
10,36,3178.51,1177.92
10,37,2200.92,1177.92
10,38,3027.32,1177.92
10,39,3178.51,1177.92
10,40,3434.41,1177.92
10,41,3284.61,1177.92
10,42,3434.41,1177.92
10,43,3434.41,1177.92
10,44,2200.92,1177.92
10,45,2200.92,1177.92
10,46,3284.61,1177.92
10,47,3178.51,1177.92
10,48,3178.51,1177.92
10,49,3178.51,1177.92
10,50,2200.92,1177.92
11,1,3178.51,1177.92
11,2,3178.51,1177.92
11,3,3434.41,1177.92
11,4,3178.51,1177.92
11,5,3178.51,1177.92
11,6,2677.39,1177.92
11,7,3178.51,1177.92
11,8,3178.51,1177.92
11,9,2200.92,1177.92
11,10,3434.41,1177.92
11,11,3434.41,1177.92
11,12,3178.51,1177.92
11,13,3434.41,1177.92
11,14,3434.41,1177.92
11,15,2677.39,1177.92
11,16,3178.51,1177.92
11,17,3178.51,1177.92
11,18,3178.51,1177.92
11,19,3178.51,1177.92
11,20,3178.51,1177.92
11,21,2200.92,1177.92
11,22,3434.41,1177.92
11,23,3027.32,1177.92
11,24,3178.51,1177.92
11,25,3178.51,1177.92
11,26,3434.41,1177.92
11,27,3434.41,1177.92
11,28,3434.41,1177.92
11,29,3178.51,1177.92
11,30,3434.41,1177.92
11,31,3178.51,1177.92
11,32,3284.61,1177.92
11,33,3027.32,1177.92
11,34,2677.39,1177.92
11,35,3434.41,1177.92
11,36,3178.51,1177.92
11,37,3434.41,1177.92
11,38,3027.32,1177.92
11,39,3434.41,1177.92
11,40,3434.41,1177.92
11,41,3434.41,1177.92
11,42,3434.41,1177.92
11,43,3284.61,1177.92
11,44,3434.41,1177.92
11,45,3178.51,1177.92
11,46,3434.41,1177.92
11,47,3178.51,1177.92
11,48,3178.51,1177.92
11,49,3434.41,1177.92
11,50,3178.51,1177.92
12,1,3178.51,1177.92
12,2,3434.41,1177.92
12,3,3178.51,1177.92
12,4,2200.92,1177.92
12,5,3027.32,1177.92
12,6,3178.51,1177.92
12,7,3178.51,1177.92
12,8,3434.41,1177.92
12,9,3434.41,1177.92
12,10,3434.41,1177.92
12,11,3434.41,1177.92
12,12,3178.51,1177.92
12,13,3178.51,1177.92
12,14,3178.51,1177.92
12,15,3284.61,1177.92
12,16,3178.51,1177.92
12,17,3434.41,1177.92
12,18,3284.61,1177.92
12,19,3178.51,1177.92
12,20,3178.51,1177.92
12,21,3178.51,1177.92
12,22,3284.61,1177.92
12,23,3434.41,1177.92
12,24,3434.41,1177.92
12,25,3434.41,1177.92
12,26,3178.51,1177.92
12,27,2200.92,1177.92
12,28,3178.51,1177.92
12,29,3178.51,1177.92
12,30,3434.41,1177.92
12,31,3027.32,1177.92
12,32,3027.32,1177.92
12,33,3178.51,1177.92
12,34,3178.51,1177.92
12,35,3178.51,1177.92
12,36,3178.51,1177.92
12,37,3027.32,1177.92
12,38,3178.51,1177.92
12,39,3178.51,1177.92
12,40,3434.41,1177.92
12,41,3434.41,1177.92
12,42,3178.51,1177.92
12,43,3178.51,1177.92
12,44,3434.41,1177.92
12,45,2200.92,1177.92
12,46,3434.41,1177.92
12,47,3434.41,1177.92
12,48,3178.51,1177.92
12,49,3434.41,1177.92
12,50,3027.32,1177.92
13,1,3178.51,1177.92
13,2,2200.92,1177.92
13,3,2200.92,1177.92
13,4,3434.41,1177.92
13,5,3178.51,1177.92
13,6,3027.32,1177.92
13,7,3284.61,1177.92
13,8,3178.51,1177.92
13,9,3434.41,1177.92
13,10,3178.51,1177.92
13,11,2677.39,1177.92
13,12,3178.51,1177.92
13,13,3178.51,1177.92
13,14,3284.61,1177.92
13,15,2200.92,1177.92
13,16,3434.41,1177.92
13,17,2200.92,1177.92
13,18,3178.51,1177.92
13,19,3178.51,1177.92
13,20,3178.51,1177.92
13,21,3178.51,1177.92
13,22,3284.61,1177.92
13,23,3178.51,1177.92
13,24,3178.51,1177.92
13,25,2677.39,1177.92
13,26,3434.41,1177.92
13,27,2677.39,1177.92
13,28,3434.41,1177.92
13,29,3434.41,1177.92
13,30,3434.41,1177.92
13,31,3178.51,1177.92
13,32,2200.92,1177.92
13,33,3027.32,1177.92
13,34,3178.51,1177.92
13,35,3434.41,1177.92
13,36,3434.41,1177.92
13,37,3178.51,1177.92
13,38,3284.61,1177.92
13,39,3178.51,1177.92
13,40,3027.32,1177.92
13,41,3178.51,1177.92
13,42,3434.41,1177.92
13,43,2200.92,1177.92
13,44,3178.51,1177.92
13,45,3178.51,1177.92
13,46,3178.51,1177.92
13,47,3434.41,1177.92
13,48,3178.51,1177.92
13,49,3284.61,1177.92
13,50,3178.51,1177.92
14,1,3178.51,1177.92
14,2,3434.41,1177.92
14,3,3027.32,1177.92
14,4,3434.41,1177.92
14,5,3434.41,1177.92
14,6,3027.32,1177.92
14,7,3178.51,1177.92
14,8,3434.41,1177.92
14,9,3178.51,1177.92
14,10,3434.41,1177.92
14,11,3434.41,1177.92
14,12,2200.92,1177.92
14,13,3178.51,1177.92
14,14,3434.41,1177.92
14,15,2677.39,1177.92
14,16,3434.41,1177.92
14,17,2200.92,1177.92
14,18,3284.61,1177.92
14,19,3178.51,1177.92
14,20,3178.51,1177.92
14,21,3284.61,1177.92
14,22,3178.51,1177.92
14,23,3434.41,1177.92
14,24,3178.51,1177.92
14,25,3178.51,1177.92
14,26,3178.51,1177.92
14,27,3178.51,1177.92
14,28,3434.41,1177.92
14,29,3284.61,1177.92
14,30,2200.92,1177.92
14,31,3434.41,1177.92
14,32,3434.41,1177.92
14,33,3434.41,1177.92
14,34,3434.41,1177.92
14,35,3178.51,1177.92
14,36,3027.32,1177.92
14,37,3434.41,1177.92
14,38,3178.51,1177.92
14,39,3178.51,1177.92
14,40,3434.41,1177.92
14,41,3178.51,1177.92
14,42,3178.51,1177.92
14,43,3434.41,1177.92
14,44,3434.41,1177.92
14,45,3178.51,1177.92
14,46,3434.41,1177.92
14,47,2200.92,1177.92
14,48,2677.39,1177.92
14,49,3434.41,1177.92
14,50,3284.61,1177.92
15,1,3434.41,1177.92
15,2,2200.92,1177.92
15,3,2200.92,1177.92
15,4,3434.41,1177.92
15,5,3178.51,1177.92
15,6,3178.51,1177.92
15,7,3178.51,1177.92
15,8,3178.51,1177.92
15,9,3434.41,1177.92
15,10,3434.41,1177.92
15,11,3178.51,1177.92
15,12,3178.51,1177.92
15,13,3434.41,1177.92
15,14,3434.41,1177.92
15,15,3178.51,1177.92
15,16,3434.41,1177.92
15,17,3178.51,1177.92
15,18,3434.41,1177.92
15,19,2200.92,1177.92
15,20,3434.41,1177.92
15,21,3434.41,1177.92
15,22,3434.41,1177.92
15,23,3178.51,1177.92
15,24,3178.51,1177.92
15,25,3178.51,1177.92
15,26,3434.41,1177.92
15,27,3434.41,1177.92
15,28,3434.41,1177.92
15,29,3178.51,1177.92
15,30,3434.41,1177.92
15,31,3434.41,1177.92
15,32,3178.51,1177.92
15,33,3434.41,1177.92
15,34,3434.41,1177.92
15,35,2200.92,1177.92
15,36,3434.41,1177.92
15,37,3434.41,1177.92
15,38,3434.41,1177.92
15,39,3434.41,1177.92
15,40,3178.51,1177.92
15,41,3178.51,1177.92
15,42,3178.51,1177.92
15,43,3434.41,1177.92
15,44,3178.51,1177.92
15,45,3434.41,1177.92
15,46,3178.51,1177.92
15,47,3284.61,1177.92
15,48,3178.51,1177.92
15,49,2771.42,1177.92
15,50,3434.41,1177.92
16,1,2200.92,1177.92
16,2,3027.32,1177.92
16,3,3434.41,1177.92
16,4,3178.51,1177.92
16,5,3434.41,1177.92
16,6,3434.41,1177.92
16,7,3284.61,1177.92
16,8,3178.51,1177.92
16,9,2200.92,1177.92
16,10,3178.51,1177.92
16,11,3434.41,1177.92
16,12,3434.41,1177.92
16,13,3178.51,1177.92
16,14,3178.51,1177.92
16,15,2200.92,1177.92
16,16,3178.51,1177.92
16,17,3178.51,1177.92
16,18,3434.41,1177.92
16,19,3178.51,1177.92
16,20,3434.41,1177.92
16,21,3178.51,1177.92
16,22,3178.51,1177.92
16,23,3434.41,1177.92
16,24,3178.51,1177.92
16,25,3284.61,1177.92
16,26,3434.41,1177.92
16,27,3434.41,1177.92
16,28,3434.41,1177.92
16,29,3178.51,1177.92
16,30,3434.41,1177.92
16,31,3434.41,1177.92
16,32,3434.41,1177.92
16,33,3178.51,1177.92
16,34,3434.41,1177.92
16,35,2677.39,1177.92
16,36,2200.92,1177.92
16,37,2200.92,1177.92
16,38,3434.41,1177.92
16,39,3434.41,1177.92
16,40,3434.41,1177.92
16,41,3434.41,1177.92
16,42,3178.51,1177.92
16,43,3178.51,1177.92
16,44,2677.39,1177.92
16,45,3284.61,1177.92
16,46,2200.92,1177.92
16,47,3434.41,1177.92
16,48,3178.51,1177.92
16,49,3434.41,1177.92
16,50,3178.51,1177.92
17,1,3178.51,1177.92
17,2,2677.39,1177.92
17,3,3434.41,1177.92
17,4,3434.41,1177.92
17,5,3178.51,1177.92
17,6,3178.51,1177.92
17,7,3434.41,1177.92
17,8,3434.41,1177.92
17,9,3027.32,1177.92
17,10,3434.41,1177.92
17,11,2200.92,1177.92
17,12,3434.41,1177.92
17,13,3178.51,1177.92
17,14,3434.41,1177.92
17,15,3178.51,1177.92
17,16,3027.32,1177.92
17,17,2200.92,1177.92
17,18,2677.39,1177.92
17,19,3178.51,1177.92
17,20,2200.92,1177.92
17,21,3434.41,1177.92
17,22,2200.92,1177.92
17,23,3178.51,1177.92
17,24,2200.92,1177.92
17,25,3434.41,1177.92
17,26,3284.61,1177.92
17,27,3178.51,1177.92
17,28,3434.41,1177.92
17,29,3434.41,1177.92
17,30,3434.41,1177.92
17,31,3178.51,1177.92
17,32,3178.51,1177.92
17,33,2200.92,1177.92
17,34,3178.51,1177.92
17,35,3178.51,1177.92
17,36,3178.51,1177.92
17,37,3434.41,1177.92
17,38,3178.51,1177.92
17,39,3178.51,1177.92
17,40,3178.51,1177.92
17,41,3434.41,1177.92
17,42,3284.61,1177.92
17,43,3178.51,1177.92
17,44,3434.41,1177.92
17,45,3178.51,1177.92
17,46,3027.32,1177.92
17,47,3434.41,1177.92
17,48,3178.51,1177.92
17,49,3178.51,1177.92
17,50,3027.32,1177.92
18,1,3434.41,1177.92
18,2,3178.51,1177.92
18,3,3178.51,1177.92
18,4,3178.51,1177.92
18,5,3434.41,1177.92
18,6,2200.92,1177.92
18,7,3434.41,1177.92
18,8,3434.41,1177.92
18,9,2200.92,1177.92
18,10,3434.41,1177.92
18,11,3434.41,1177.92
18,12,3178.51,1177.92
18,13,3434.41,1177.92
18,14,3434.41,1177.92
18,15,3178.51,1177.92
18,16,3178.51,1177.92
18,17,3434.41,1177.92
18,18,2200.92,1177.92
18,19,3178.51,1177.92
18,20,3434.41,1177.92
18,21,2200.92,1177.92
18,22,3178.51,1177.92
18,23,2677.39,1177.92
18,24,3178.51,1177.92
18,25,3178.51,1177.92
18,26,3178.51,1177.92
18,27,3178.51,1177.92
18,28,3178.51,1177.92
18,29,3178.51,1177.92
18,30,3178.51,1177.92
18,31,3434.41,1177.92
18,32,2200.92,1177.92
18,33,3434.41,1177.92
18,34,2200.92,1177.92
18,35,3178.51,1177.92
18,36,3178.51,1177.92
18,37,3178.51,1177.92
18,38,3178.51,1177.92
18,39,3434.41,1177.92
18,40,3434.41,1177.92
18,41,3178.51,1177.92
18,42,3178.51,1177.92
18,43,3434.41,1177.92
18,44,3434.41,1177.92
18,45,3178.51,1177.92
18,46,3178.51,1177.92
18,47,3434.41,1177.92
18,48,2200.92,1177.92
18,49,2200.92,1177.92
18,50,3434.41,1177.92
19,1,3434.41,1177.92
19,2,3434.41,1177.92
19,3,3178.51,1177.92
19,4,3178.51,1177.92
19,5,3434.41,1177.92
19,6,3178.51,1177.92
19,7,2677.39,1177.92
19,8,3027.32,1177.92
19,9,3178.51,1177.92
19,10,2200.92,1177.92
19,11,3434.41,1177.92
19,12,3434.41,1177.92
19,13,2200.92,1177.92
19,14,3434.41,1177.92
19,15,3434.41,1177.92
19,16,3178.51,1177.92
19,17,3434.41,1177.92
19,18,3434.41,1177.92
19,19,3284.61,1177.92
19,20,3178.51,1177.92
19,21,3178.51,1177.92
19,22,3178.51,1177.92
19,23,2200.92,1177.92
19,24,3178.51,1177.92
19,25,3434.41,1177.92
19,26,2200.92,1177.92
19,27,3178.51,1177.92
19,28,3178.51,1177.92
19,29,3434.41,1177.92
19,30,3178.51,1177.92
19,31,3434.41,1177.92
19,32,3434.41,1177.92
19,33,3027.32,1177.92
19,34,3027.32,1177.92
19,35,3434.41,1177.92
19,36,3434.41,1177.92
19,37,3178.51,1177.92
19,38,3434.41,1177.92
19,39,3284.61,1177.92
19,40,3434.41,1177.92
19,41,3434.41,1177.92
19,42,3434.41,1177.92
19,43,3434.41,1177.92
19,44,3434.41,1177.92
19,45,2200.92,1177.92
19,46,3178.51,1177.92
19,47,3434.41,1177.92
19,48,3434.41,1177.92
19,49,2200.92,1177.92
19,50,3027.32,1177.92
20,1,2200.92,1177.92
20,2,3434.41,1177.92
20,3,3178.51,1177.92
20,4,3434.41,1177.92
20,5,3434.41,1177.92
20,6,3434.41,1177.92
20,7,3434.41,1177.92
20,8,3178.51,1177.92
20,9,3178.51,1177.92
20,10,3434.41,1177.92
20,11,3434.41,1177.92
20,12,3434.41,1177.92
20,13,3284.61,1177.92
20,14,3178.51,1177.92
20,15,3434.41,1177.92
20,16,2200.92,1177.92
20,17,3434.41,1177.92
20,18,3027.32,1177.92
20,19,3178.51,1177.92
20,20,3434.41,1177.92
20,21,3434.41,1177.92
20,22,3178.51,1177.92
20,23,3434.41,1177.92
20,24,3434.41,1177.92
20,25,3434.41,1177.92
20,26,3178.51,1177.92
20,27,3178.51,1177.92
20,28,3434.41,1177.92
20,29,3434.41,1177.92
20,30,3434.41,1177.92
20,31,3434.41,1177.92
20,32,3178.51,1177.92
20,33,3434.41,1177.92
20,34,3434.41,1177.92
20,35,3434.41,1177.92
20,36,3434.41,1177.92
20,37,3178.51,1177.92
20,38,3434.41,1177.92
20,39,3434.41,1177.92
20,40,3434.41,1177.92
20,41,3284.61,1177.92
20,42,3434.41,1177.92
20,43,3434.41,1177.92
20,44,3434.41,1177.92
20,45,3434.41,1177.92
20,46,3178.51,1177.92
20,47,3027.32,1177.92
20,48,3434.41,1177.92
20,49,3434.41,1177.92
20,50,3178.51,1177.92
21,1,2200.92,1177.92
21,2,3434.41,1177.92
21,3,3178.51,1177.92
21,4,3434.41,1177.92
21,5,3434.41,1177.92
21,6,3178.51,1177.92
21,7,2200.92,1177.92
21,8,3178.51,1177.92
21,9,3027.32,1177.92
21,10,3434.41,1177.92
21,11,3178.51,1177.92
21,12,3178.51,1177.92
21,13,3434.41,1177.92
21,14,3434.41,1177.92
21,15,3434.41,1177.92
21,16,3284.61,1177.92
21,17,2200.92,1177.92
21,18,3178.51,1177.92
21,19,3178.51,1177.92
21,20,3027.32,1177.92
21,21,3434.41,1177.92
21,22,3178.51,1177.92
21,23,3178.51,1177.92
21,24,3434.41,1177.92
21,25,3178.51,1177.92
21,26,3434.41,1177.92
21,27,3178.51,1177.92
21,28,2200.92,1177.92
21,29,3434.41,1177.92
21,30,3178.51,1177.92
21,31,3178.51,1177.92
21,32,3178.51,1177.92
21,33,3434.41,1177.92
21,34,3434.41,1177.92
21,35,3284.61,1177.92
21,36,3434.41,1177.92
21,37,2200.92,1177.92
21,38,3178.51,1177.92
21,39,3027.32,1177.92
21,40,3178.51,1177.92
21,41,3434.41,1177.92
21,42,3434.41,1177.92
21,43,2677.39,1177.92
21,44,3178.51,1177.92
21,45,3178.51,1177.92
21,46,3434.41,1177.92
21,47,3027.32,1177.92
21,48,3434.41,1177.92
21,49,3434.41,1177.92
21,50,3434.41,1177.92
22,1,3178.51,1177.92
22,2,3434.41,1177.92
22,3,3178.51,1177.92
22,4,3178.51,1177.92
22,5,3178.51,1177.92
22,6,3434.41,1177.92
22,7,3027.32,1177.92
22,8,3178.51,1177.92
22,9,3434.41,1177.92
22,10,3178.51,1177.92
22,11,3027.32,1177.92
22,12,3178.51,1177.92
22,13,3434.41,1177.92
22,14,2200.92,1177.92
22,15,3027.32,1177.92
22,16,3284.61,1177.92
22,17,3434.41,1177.92
22,18,3027.32,1177.92
22,19,3434.41,1177.92
22,20,3178.51,1177.92
22,21,3284.61,1177.92
22,22,3178.51,1177.92
22,23,3027.32,1177.92
22,24,3027.32,1177.92
22,25,3178.51,1177.92
22,26,3027.32,1177.92
22,27,3178.51,1177.92
22,28,3434.41,1177.92
22,29,3178.51,1177.92
22,30,3434.41,1177.92
22,31,2200.92,1177.92
22,32,3434.41,1177.92
22,33,3178.51,1177.92
22,34,3434.41,1177.92
22,35,3434.41,1177.92
22,36,3178.51,1177.92
22,37,3178.51,1177.92
22,38,3027.32,1177.92
22,39,2200.92,1177.92
22,40,3178.51,1177.92
22,41,3178.51,1177.92
22,42,3178.51,1177.92
22,43,2200.92,1177.92
22,44,3434.41,1177.92
22,45,3178.51,1177.92
22,46,3178.51,1177.92
22,47,3178.51,1177.92
22,48,2200.92,1177.92
22,49,2200.92,1177.92
22,50,3434.41,1177.92
23,1,3178.51,1177.92
23,2,3178.51,1177.92
23,3,3434.41,1177.92
23,4,3178.51,1177.92
23,5,3178.51,1177.92
23,6,3178.51,1177.92
23,7,2677.39,1177.92
23,8,3178.51,1177.92
23,9,3434.41,1177.92
23,10,3027.32,1177.92
23,11,3027.32,1177.92
23,12,3434.41,1177.92
23,13,3434.41,1177.92
23,14,3027.32,1177.92
23,15,3434.41,1177.92
23,16,3434.41,1177.92
23,17,3434.41,1177.92
23,18,3434.41,1177.92
23,19,2677.39,1177.92
23,20,3178.51,1177.92
23,21,3434.41,1177.92
23,22,3434.41,1177.92
23,23,3434.41,1177.92
23,24,3027.32,1177.92
23,25,3178.51,1177.92
23,26,3027.32,1177.92
23,27,3434.41,1177.92
23,28,3434.41,1177.92
23,29,3178.51,1177.92
23,30,2200.92,1177.92
23,31,3434.41,1177.92
23,32,2200.92,1177.92
23,33,3434.41,1177.92
23,34,3178.51,1177.92
23,35,3434.41,1177.92
23,36,3178.51,1177.92
23,37,3027.32,1177.92
23,38,3434.41,1177.92
23,39,3178.51,1177.92
23,40,3178.51,1177.92
23,41,3027.32,1177.92
23,42,3434.41,1177.92
23,43,3178.51,1177.92
23,44,3178.51,1177.92
23,45,3178.51,1177.92
23,46,3434.41,1177.92
23,47,2200.92,1177.92
23,48,3434.41,1177.92
23,49,3434.41,1177.92
23,50,3434.41,1177.92
24,1,3434.41,1177.92
24,2,3178.51,1177.92
24,3,3178.51,1177.92
24,4,3178.51,1177.92
24,5,3178.51,1177.92
24,6,2200.92,1177.92
24,7,3434.41,1177.92
24,8,3178.51,1177.92
24,9,3434.41,1177.92
24,10,3434.41,1177.92
24,11,3178.51,1177.92
24,12,3434.41,1177.92
24,13,3434.41,1177.92
24,14,3434.41,1177.92
24,15,3434.41,1177.92
24,16,3178.51,1177.92
24,17,3434.41,1177.92
24,18,2200.92,1177.92
24,19,3434.41,1177.92
24,20,3178.51,1177.92
24,21,3434.41,1177.92
24,22,3434.41,1177.92
24,23,3434.41,1177.92
24,24,3434.41,1177.92
24,25,3434.41,1177.92
24,26,3178.51,1177.92
24,27,3178.51,1177.92
24,28,3434.41,1177.92
24,29,3178.51,1177.92
24,30,3434.41,1177.92
24,31,3027.32,1177.92
24,32,3178.51,1177.92
24,33,3434.41,1177.92
24,34,3178.51,1177.92
24,35,2200.92,1177.92
24,36,3434.41,1177.92
24,37,3178.51,1177.92
24,38,3434.41,1177.92
24,39,3434.41,1177.92
24,40,3434.41,1177.92
24,41,3178.51,1177.92
24,42,3178.51,1177.92
24,43,3178.51,1177.92
24,44,3434.41,1177.92
24,45,3178.51,1177.92
24,46,3178.51,1177.92
24,47,2200.92,1177.92
24,48,2200.92,1177.92
24,49,3284.61,1177.92
24,50,3178.51,1177.92
25,1,3284.61,1177.92
25,2,3434.41,1177.92
25,3,3434.41,1177.92
25,4,3434.41,1177.92
25,5,3434.41,1177.92
25,6,3027.32,1177.92
25,7,3178.51,1177.92
25,8,3178.51,1177.92
25,9,3434.41,1177.92
25,10,3434.41,1177.92
25,11,3434.41,1177.92
25,12,3434.41,1177.92
25,13,3178.51,1177.92
25,14,2677.39,1177.92
25,15,3178.51,1177.92
25,16,3027.32,1177.92
25,17,3178.51,1177.92
25,18,2200.92,1177.92
25,19,2200.92,1177.92
25,20,3434.41,1177.92
25,21,3178.51,1177.92
25,22,3178.51,1177.92
25,23,3434.41,1177.92
25,24,3434.41,1177.92
25,25,3178.51,1177.92
25,26,3284.61,1177.92
25,27,3434.41,1177.92
25,28,3434.41,1177.92
25,29,3178.51,1177.92
25,30,3178.51,1177.92
25,31,3027.32,1177.92
25,32,3434.41,1177.92
25,33,3027.32,1177.92
25,34,3027.32,1177.92
25,35,2200.92,1177.92
25,36,3434.41,1177.92
25,37,3434.41,1177.92
25,38,3178.51,1177.92
25,39,3178.51,1177.92
25,40,3178.51,1177.92
25,41,2200.92,1177.92
25,42,2677.39,1177.92
25,43,3178.51,1177.92
25,44,2200.92,1177.92
25,45,3284.61,1177.92
25,46,3434.41,1177.92
25,47,3434.41,1177.92
25,48,3178.51,1177.92
25,49,2200.92,1177.92
25,50,3178.51,1177.92
26,1,3178.51,1177.92
26,2,3178.51,1177.92
26,3,3434.41,1177.92
26,4,3178.51,1177.92
26,5,3178.51,1177.92
26,6,3178.51,1177.92
26,7,3434.41,1177.92
26,8,3178.51,1177.92
26,9,3178.51,1177.92
26,10,3178.51,1177.92
26,11,3027.32,1177.92
26,12,3178.51,1177.92
26,13,3434.41,1177.92
26,14,3434.41,1177.92
26,15,2200.92,1177.92
26,16,3178.51,1177.92
26,17,3027.32,1177.92
26,18,3178.51,1177.92
26,19,2200.92,1177.92
26,20,3434.41,1177.92
26,21,3434.41,1177.92
26,22,3178.51,1177.92
26,23,3434.41,1177.92
26,24,3178.51,1177.92
26,25,3178.51,1177.92
26,26,2677.39,1177.92
26,27,3178.51,1177.92
26,28,3434.41,1177.92
26,29,3284.61,1177.92
26,30,3178.51,1177.92
26,31,3178.51,1177.92
26,32,3434.41,1177.92
26,33,2200.92,1177.92
26,34,3178.51,1177.92
26,35,3434.41,1177.92
26,36,3178.51,1177.92
26,37,3178.51,1177.92
26,38,3027.32,1177.92
26,39,3027.32,1177.92
26,40,3178.51,1177.92
26,41,3434.41,1177.92
26,42,3178.51,1177.92
26,43,3434.41,1177.92
26,44,3284.61,1177.92
26,45,3178.51,1177.92
26,46,3434.41,1177.92
26,47,2200.92,1177.92
26,48,3178.51,1177.92
26,49,3178.51,1177.92
26,50,2200.92,1177.92
27,1,3434.41,1177.92
27,2,3434.41,1177.92
27,3,3434.41,1177.92
27,4,3178.51,1177.92
27,5,3284.61,1177.92
27,6,3178.51,1177.92
27,7,3284.61,1177.92
27,8,2677.39,1177.92
27,9,3178.51,1177.92
27,10,3178.51,1177.92
27,11,3434.41,1177.92
27,12,2200.92,1177.92
27,13,3178.51,1177.92
27,14,3178.51,1177.92
27,15,3434.41,1177.92
27,16,3434.41,1177.92
27,17,3434.41,1177.92
27,18,3284.61,1177.92
27,19,3434.41,1177.92
27,20,3434.41,1177.92
27,21,3434.41,1177.92
27,22,3434.41,1177.92
27,23,3178.51,1177.92
27,24,3027.32,1177.92
27,25,3178.51,1177.92
27,26,3178.51,1177.92
27,27,3434.41,1177.92
27,28,2200.92,1177.92
27,29,3434.41,1177.92
27,30,3178.51,1177.92
27,31,3178.51,1177.92
27,32,3178.51,1177.92
27,33,3434.41,1177.92
27,34,3178.51,1177.92
27,35,3434.41,1177.92
27,36,3434.41,1177.92
27,37,3178.51,1177.92
27,38,3178.51,1177.92
27,39,3178.51,1177.92
27,40,3178.51,1177.92
27,41,3178.51,1177.92
27,42,3434.41,1177.92
27,43,3284.61,1177.92
27,44,3434.41,1177.92
27,45,2677.39,1177.92
27,46,3284.61,1177.92
27,47,3434.41,1177.92
27,48,3434.41,1177.92
27,49,3178.51,1177.92
27,50,3178.51,1177.92
28,1,3284.61,1177.92
28,2,3178.51,1177.92
28,3,3027.32,1177.92
28,4,3027.32,1177.92
28,5,3178.51,1177.92
28,6,3434.41,1177.92
28,7,2200.92,1177.92
28,8,3434.41,1177.92
28,9,3434.41,1177.92
28,10,3434.41,1177.92
28,11,3434.41,1177.92
28,12,3178.51,1177.92
28,13,3178.51,1177.92
28,14,3434.41,1177.92
28,15,3178.51,1177.92
28,16,2200.92,1177.92
28,17,3434.41,1177.92
28,18,3027.32,1177.92
28,19,3178.51,1177.92
28,20,3434.41,1177.92
28,21,3178.51,1177.92
28,22,3178.51,1177.92
28,23,3434.41,1177.92
28,24,3284.61,1177.92
28,25,3434.41,1177.92
28,26,2200.92,1177.92
28,27,3178.51,1177.92
28,28,3434.41,1177.92
28,29,2771.42,1177.92
28,30,3178.51,1177.92
28,31,3178.51,1177.92
28,32,3434.41,1177.92
28,33,3178.51,1177.92
28,34,3178.51,1177.92
28,35,2200.92,1177.92
28,36,3178.51,1177.92
28,37,3434.41,1177.92
28,38,3178.51,1177.92
28,39,3434.41,1177.92
28,40,3434.41,1177.92
28,41,3434.41,1177.92
28,42,3434.41,1177.92
28,43,3434.41,1177.92
28,44,3434.41,1177.92
28,45,3434.41,1177.92
28,46,3178.51,1177.92
28,47,3178.51,1177.92
28,48,2200.92,1177.92
28,49,3178.51,1177.92
28,50,3284.61,1177.92
29,1,3434.41,1177.92
29,2,3434.41,1177.92
29,3,2200.92,1177.92
29,4,3178.51,1177.92
29,5,3434.41,1177.92
29,6,3178.51,1177.92
29,7,3178.51,1177.92
29,8,2200.92,1177.92
29,9,3178.51,1177.92
29,10,2200.92,1177.92
29,11,3284.61,1177.92
29,12,2200.92,1177.92
29,13,3434.41,1177.92
29,14,3178.51,1177.92
29,15,3178.51,1177.92
29,16,2677.39,1177.92
29,17,3434.41,1177.92
29,18,3178.51,1177.92
29,19,3434.41,1177.92
29,20,3178.51,1177.92
29,21,3178.51,1177.92
29,22,3178.51,1177.92
29,23,3178.51,1177.92
29,24,2200.92,1177.92
29,25,3027.32,1177.92
29,26,2200.92,1177.92
29,27,3178.51,1177.92
29,28,2771.42,1177.92
29,29,3434.41,1177.92
29,30,2677.39,1177.92
29,31,2677.39,1177.92
29,32,3434.41,1177.92
29,33,3284.61,1177.92
29,34,3434.41,1177.92
29,35,3178.51,1177.92
29,36,3434.41,1177.92
29,37,3284.61,1177.92
29,38,3178.51,1177.92
29,39,3434.41,1177.92
29,40,3434.41,1177.92
29,41,3178.51,1177.92
29,42,3434.41,1177.92
29,43,3178.51,1177.92
29,44,3027.32,1177.92
29,45,3178.51,1177.92
29,46,3027.32,1177.92
29,47,3178.51,1177.92
29,48,3027.32,1177.92
29,49,3284.61,1177.92
29,50,3434.41,1177.92
30,1,3027.32,1177.92
30,2,3434.41,1177.92
30,3,3178.51,1177.92
30,4,3434.41,1177.92
30,5,3178.51,1177.92
30,6,3178.51,1177.92
30,7,3434.41,1177.92
30,8,3178.51,1177.92
30,9,3178.51,1177.92
30,10,3178.51,1177.92
30,11,3178.51,1177.92
30,12,3434.41,1177.92
30,13,3178.51,1177.92
30,14,3434.41,1177.92
30,15,3178.51,1177.92
30,16,3284.61,1177.92
30,17,3178.51,1177.92
30,18,2677.39,1177.92
30,19,3178.51,1177.92
30,20,3178.51,1177.92
30,21,3178.51,1177.92
30,22,3434.41,1177.92
30,23,3178.51,1177.92
30,24,2200.92,1177.92
30,25,3178.51,1177.92
30,26,3178.51,1177.92
30,27,3434.41,1177.92
30,28,3434.41,1177.92
30,29,3027.32,1177.92
30,30,3027.32,1177.92
30,31,3178.51,1177.92
30,32,2200.92,1177.92
30,33,3434.41,1177.92
30,34,3178.51,1177.92
30,35,3284.61,1177.92
30,36,3434.41,1177.92
30,37,3178.51,1177.92
30,38,3284.61,1177.92
30,39,3178.51,1177.92
30,40,3284.61,1177.92
30,41,3178.51,1177.92
30,42,3178.51,1177.92
30,43,3284.61,1177.92
30,44,3178.51,1177.92
30,45,3434.41,1177.92
30,46,2200.92,1177.92
30,47,2200.92,1177.92
30,48,3178.51,1177.92
30,49,3434.41,1177.92
30,50,3178.51,1177.92
31,1,3178.51,1177.92
31,2,3178.51,1177.92
31,3,2200.92,1177.92
31,4,3434.41,1177.92
31,5,3178.51,1177.92
31,6,3178.51,1177.92
31,7,3178.51,1177.92
31,8,3434.41,1177.92
31,9,2200.92,1177.92
31,10,3434.41,1177.92
31,11,3434.41,1177.92
31,12,3434.41,1177.92
31,13,3284.61,1177.92
31,14,3434.41,1177.92
31,15,3178.51,1177.92
31,16,3027.32,1177.92
31,17,3284.61,1177.92
31,18,3434.41,1177.92
31,19,3434.41,1177.92
31,20,3434.41,1177.92
31,21,3434.41,1177.92
31,22,3027.32,1177.92
31,23,3178.51,1177.92
31,24,3027.32,1177.92
31,25,2200.92,1177.92
31,26,3434.41,1177.92
31,27,3434.41,1177.92
31,28,3434.41,1177.92
31,29,3434.41,1177.92
31,30,3178.51,1177.92
31,31,3434.41,1177.92
31,32,3178.51,1177.92
31,33,3434.41,1177.92
31,34,3434.41,1177.92
31,35,3434.41,1177.92
31,36,3178.51,1177.92
31,37,3178.51,1177.92
31,38,3178.51,1177.92
31,39,3178.51,1177.92
31,40,3178.51,1177.92
31,41,3178.51,1177.92
31,42,3178.51,1177.92
31,43,3178.51,1177.92
31,44,3434.41,1177.92
31,45,3434.41,1177.92
31,46,3284.61,1177.92
31,47,2200.92,1177.92
31,48,3178.51,1177.92
31,49,3434.41,1177.92
31,50,2200.92,1177.92
32,1,2200.92,1177.92
32,2,3434.41,1177.92
32,3,3434.41,1177.92
32,4,3434.41,1177.92
32,5,2200.92,1177.92
32,6,3178.51,1177.92
32,7,3434.41,1177.92
32,8,3178.51,1177.92
32,9,3178.51,1177.92
32,10,3178.51,1177.92
32,11,3434.41,1177.92
32,12,3434.41,1177.92
32,13,2200.92,1177.92
32,14,3434.41,1177.92
32,15,2200.92,1177.92
32,16,3178.51,1177.92
32,17,3434.41,1177.92
32,18,3434.41,1177.92
32,19,2200.92,1177.92
32,20,3178.51,1177.92
32,21,3178.51,1177.92
32,22,2200.92,1177.92
32,23,3027.32,1177.92
32,24,3434.41,1177.92
32,25,3434.41,1177.92
32,26,3434.41,1177.92
32,27,3284.61,1177.92
32,28,3178.51,1177.92
32,29,3178.51,1177.92
32,30,3434.41,1177.92
32,31,3434.41,1177.92
32,32,3178.51,1177.92
32,33,3434.41,1177.92
32,34,3178.51,1177.92
32,35,3178.51,1177.92
32,36,3178.51,1177.92
32,37,3284.61,1177.92
32,38,2200.92,1177.92
32,39,3434.41,1177.92
32,40,3434.41,1177.92
32,41,3178.51,1177.92
32,42,2200.92,1177.92
32,43,3434.41,1177.92
32,44,3178.51,1177.92
32,45,3434.41,1177.92
32,46,3284.61,1177.92
32,47,3434.41,1177.92
32,48,3178.51,1177.92
32,49,3284.61,1177.92
32,50,3178.51,1177.92
33,1,2200.92,1177.92
33,2,2677.39,1177.92
33,3,3434.41,1177.92
33,4,3027.32,1177.92
33,5,2677.39,1177.92
33,6,2200.92,1177.92
33,7,3178.51,1177.92
33,8,3027.32,1177.92
33,9,3434.41,1177.92
33,10,3178.51,1177.92
33,11,3434.41,1177.92
33,12,3434.41,1177.92
33,13,3178.51,1177.92
33,14,3434.41,1177.92
33,15,3178.51,1177.92
33,16,2200.92,1177.92
33,17,3178.51,1177.92
33,18,3434.41,1177.92
33,19,3434.41,1177.92
33,20,3434.41,1177.92
33,21,3434.41,1177.92
33,22,3178.51,1177.92
33,23,3434.41,1177.92
33,24,3434.41,1177.92
33,25,3178.51,1177.92
33,26,2200.92,1177.92
33,27,3434.41,1177.92
33,28,2200.92,1177.92
33,29,2200.92,1177.92
33,30,3434.41,1177.92
33,31,3434.41,1177.92
33,32,3434.41,1177.92
33,33,3434.41,1177.92
33,34,3434.41,1177.92
33,35,3178.51,1177.92
33,36,3434.41,1177.92
33,37,3178.51,1177.92
33,38,2677.39,1177.92
33,39,3434.41,1177.92
33,40,3027.32,1177.92
33,41,3178.51,1177.92
33,42,3027.32,1177.92
33,43,3284.61,1177.92
33,44,3284.61,1177.92
33,45,3027.32,1177.92
33,46,2200.92,1177.92
33,47,3434.41,1177.92
33,48,2200.92,1177.92
33,49,2677.39,1177.92
33,50,3434.41,1177.92
34,1,3178.51,1177.92
34,2,3434.41,1177.92
34,3,3434.41,1177.92
34,4,3434.41,1177.92
34,5,3434.41,1177.92
34,6,3178.51,1177.92
34,7,3178.51,1177.92
34,8,3178.51,1177.92
34,9,2200.92,1177.92
34,10,3434.41,1177.92
34,11,3178.51,1177.92
34,12,3434.41,1177.92
34,13,3178.51,1177.92
34,14,3178.51,1177.92
34,15,2677.39,1177.92
34,16,3178.51,1177.92
34,17,3178.51,1177.92
34,18,3434.41,1177.92
34,19,3027.32,1177.92
34,20,3434.41,1177.92
34,21,3178.51,1177.92
34,22,3434.41,1177.92
34,23,3178.51,1177.92
34,24,3178.51,1177.92
34,25,3178.51,1177.92
34,26,3178.51,1177.92
34,27,3178.51,1177.92
34,28,3178.51,1177.92
34,29,3178.51,1177.92
34,30,3284.61,1177.92
34,31,3178.51,1177.92
34,32,3434.41,1177.92
34,33,2677.39,1177.92
34,34,3434.41,1177.92
34,35,3178.51,1177.92
34,36,3178.51,1177.92
34,37,3434.41,1177.92
34,38,3027.32,1177.92
34,39,3434.41,1177.92
34,40,3434.41,1177.92
34,41,3434.41,1177.92
34,42,3434.41,1177.92
34,43,3178.51,1177.92
34,44,3434.41,1177.92
34,45,2200.92,1177.92
34,46,3434.41,1177.92
34,47,3178.51,1177.92
34,48,3178.51,1177.92
34,49,3434.41,1177.92
34,50,3178.51,1177.92
35,1,3434.41,1177.92
35,2,3434.41,1177.92
35,3,3178.51,1177.92
35,4,3027.32,1177.92
35,5,3178.51,1177.92
35,6,3178.51,1177.92
35,7,3434.41,1177.92
35,8,3434.41,1177.92
35,9,3434.41,1177.92
35,10,3178.51,1177.92
35,11,2200.92,1177.92
35,12,3178.51,1177.92
35,13,3434.41,1177.92
35,14,3178.51,1177.92
35,15,3284.61,1177.92
35,16,3434.41,1177.92
35,17,3434.41,1177.92
35,18,3284.61,1177.92
35,19,3284.61,1177.92
35,20,3434.41,1177.92
35,21,3284.61,1177.92
35,22,3178.51,1177.92
35,23,3178.51,1177.92
35,24,3178.51,1177.92
35,25,3434.41,1177.92
35,26,3027.32,1177.92
35,27,3178.51,1177.92
35,28,3434.41,1177.92
35,29,3434.41,1177.92
35,30,2200.92,1177.92
35,31,3178.51,1177.92
35,32,3434.41,1177.92
35,33,3434.41,1177.92
35,34,3178.51,1177.92
35,35,3434.41,1177.92
35,36,3434.41,1177.92
35,37,3434.41,1177.92
35,38,3434.41,1177.92
35,39,3178.51,1177.92
35,40,2200.92,1177.92
35,41,3178.51,1177.92
35,42,3284.61,1177.92
35,43,3434.41,1177.92
35,44,3178.51,1177.92
35,45,3434.41,1177.92
35,46,2677.39,1177.92
35,47,3434.41,1177.92
35,48,3284.61,1177.92
35,49,3178.51,1177.92
35,50,3178.51,1177.92
36,1,3434.41,1177.92
36,2,3434.41,1177.92
36,3,3178.51,1177.92
36,4,3178.51,1177.92
36,5,3434.41,1177.92
36,6,3434.41,1177.92
36,7,2200.92,1177.92
36,8,3434.41,1177.92
36,9,2677.39,1177.92
36,10,3284.61,1177.92
36,11,3178.51,1177.92
36,12,3434.41,1177.92
36,13,2200.92,1177.92
36,14,3178.51,1177.92
36,15,3178.51,1177.92
36,16,3178.51,1177.92
36,17,3027.32,1177.92
36,18,3178.51,1177.92
36,19,3434.41,1177.92
36,20,3178.51,1177.92
36,21,3178.51,1177.92
36,22,3178.51,1177.92
36,23,3027.32,1177.92
36,24,3434.41,1177.92
36,25,3178.51,1177.92
36,26,3284.61,1177.92
36,27,3178.51,1177.92
36,28,3178.51,1177.92
36,29,3027.32,1177.92
36,30,3178.51,1177.92
36,31,3434.41,1177.92
36,32,3434.41,1177.92
36,33,3178.51,1177.92
36,34,3434.41,1177.92
36,35,3434.41,1177.92
36,36,3434.41,1177.92
36,37,2200.92,1177.92
36,38,3178.51,1177.92
36,39,3284.61,1177.92
36,40,3178.51,1177.92
36,41,3178.51,1177.92
36,42,3178.51,1177.92
36,43,3434.41,1177.92
36,44,3434.41,1177.92
36,45,3027.32,1177.92
36,46,3434.41,1177.92
36,47,3434.41,1177.92
36,48,3178.51,1177.92
36,49,3178.51,1177.92
36,50,3434.41,1177.92
37,1,3178.51,1177.92
37,2,3434.41,1177.92
37,3,3178.51,1177.92
37,4,3178.51,1177.92
37,5,3434.41,1177.92
37,6,3284.61,1177.92
37,7,3434.41,1177.92
37,8,3434.41,1177.92
37,9,3434.41,1177.92
37,10,3284.61,1177.92
37,11,2200.92,1177.92
37,12,3434.41,1177.92
37,13,3027.32,1177.92
37,14,2200.92,1177.92
37,15,2677.39,1177.92
37,16,3434.41,1177.92
37,17,3434.41,1177.92
37,18,3434.41,1177.92
37,19,2200.92,1177.92
37,20,3178.51,1177.92
37,21,3178.51,1177.92
37,22,3434.41,1177.92
37,23,3434.41,1177.92
37,24,3434.41,1177.92
37,25,3434.41,1177.92
37,26,3178.51,1177.92
37,27,2200.92,1177.92
37,28,2677.39,1177.92
37,29,3178.51,1177.92
37,30,2677.39,1177.92
37,31,3178.51,1177.92
37,32,2677.39,1177.92
37,33,3178.51,1177.92
37,34,3434.41,1177.92
37,35,3178.51,1177.92
37,36,3284.61,1177.92
37,37,2677.39,1177.92
37,38,2200.92,1177.92
37,39,3434.41,1177.92
37,40,3434.41,1177.92
37,41,3178.51,1177.92
37,42,3434.41,1177.92
37,43,3178.51,1177.92
37,44,3178.51,1177.92
37,45,3434.41,1177.92
37,46,3434.41,1177.92
37,47,3178.51,1177.92
37,48,3178.51,1177.92
37,49,3434.41,1177.92
37,50,3434.41,1177.92
38,1,3178.51,1177.92
38,2,3178.51,1177.92
38,3,3178.51,1177.92
38,4,3284.61,1177.92
38,5,3178.51,1177.92
38,6,2200.92,1177.92
38,7,3027.32,1177.92
38,8,3434.41,1177.92
38,9,3434.41,1177.92
38,10,3027.32,1177.92
38,11,3178.51,1177.92
38,12,3434.41,1177.92
38,13,3434.41,1177.92
38,14,3434.41,1177.92
38,15,3178.51,1177.92
38,16,3284.61,1177.92
38,17,3434.41,1177.92
38,18,3434.41,1177.92
38,19,3178.51,1177.92
38,20,3027.32,1177.92
38,21,3434.41,1177.92
38,22,3178.51,1177.92
38,23,3178.51,1177.92
38,24,3434.41,1177.92
38,25,3178.51,1177.92
38,26,2200.92,1177.92
38,27,3027.32,1177.92
38,28,3178.51,1177.92
38,29,3434.41,1177.92
38,30,3178.51,1177.92
38,31,2677.39,1177.92
38,32,3434.41,1177.92
38,33,3434.41,1177.92
38,34,3434.41,1177.92
38,35,3434.41,1177.92
38,36,3178.51,1177.92
38,37,3434.41,1177.92
38,38,3434.41,1177.92
38,39,3434.41,1177.92
38,40,3284.61,1177.92
38,41,3178.51,1177.92
38,42,3434.41,1177.92
38,43,3178.51,1177.92
38,44,3434.41,1177.92
38,45,3178.51,1177.92
38,46,3027.32,1177.92
38,47,3434.41,1177.92
38,48,3434.41,1177.92
38,49,3178.51,1177.92
38,50,3434.41,1177.92
39,1,3284.61,1177.92
39,2,3178.51,1177.92
39,3,3178.51,1177.92
39,4,3434.41,1177.92
39,5,3178.51,1177.92
39,6,2200.92,1177.92
39,7,3178.51,1177.92
39,8,3434.41,1177.92
39,9,3178.51,1177.92
39,10,3434.41,1177.92
39,11,3178.51,1177.92
39,12,3178.51,1177.92
39,13,3434.41,1177.92
39,14,3434.41,1177.92
39,15,3178.51,1177.92
39,16,3178.51,1177.92
39,17,3178.51,1177.92
39,18,3178.51,1177.92
39,19,3434.41,1177.92
39,20,3027.32,1177.92
39,21,2200.92,1177.92
39,22,3434.41,1177.92
39,23,3178.51,1177.92
39,24,3178.51,1177.92
39,25,3178.51,1177.92
39,26,3434.41,1177.92
39,27,3178.51,1177.92
39,28,3178.51,1177.92
39,29,3027.32,1177.92
39,30,3284.61,1177.92
39,31,3178.51,1177.92
39,32,3027.32,1177.92
39,33,3284.61,1177.92
39,34,3434.41,1177.92
39,35,3434.41,1177.92
39,36,3178.51,1177.92
39,37,3178.51,1177.92
39,38,3434.41,1177.92
39,39,3178.51,1177.92
39,40,3284.61,1177.92
39,41,3178.51,1177.92
39,42,3434.41,1177.92
39,43,3434.41,1177.92
39,44,3178.51,1177.92
39,45,3434.41,1177.92
39,46,3434.41,1177.92
39,47,3434.41,1177.92
39,48,3178.51,1177.92
39,49,3434.41,1177.92
39,50,2200.92,1177.92
40,1,3178.51,1177.92
40,2,3434.41,1177.92
40,3,3434.41,1177.92
40,4,3178.51,1177.92
40,5,2200.92,1177.92
40,6,3178.51,1177.92
40,7,3434.41,1177.92
40,8,3434.41,1177.92
40,9,3178.51,1177.92
40,10,3434.41,1177.92
40,11,3434.41,1177.92
40,12,3178.51,1177.92
40,13,3434.41,1177.92
40,14,3434.41,1177.92
40,15,3434.41,1177.92
40,16,2200.92,1177.92
40,17,3434.41,1177.92
40,18,3178.51,1177.92
40,19,2677.39,1177.92
40,20,3434.41,1177.92
40,21,3178.51,1177.92
40,22,3178.51,1177.92
40,23,3178.51,1177.92
40,24,3434.41,1177.92
40,25,3434.41,1177.92
40,26,3434.41,1177.92
40,27,3434.41,1177.92
40,28,3178.51,1177.92
40,29,3027.32,1177.92
40,30,2200.92,1177.92
40,31,3178.51,1177.92
40,32,3434.41,1177.92
40,33,3178.51,1177.92
40,34,3178.51,1177.92
40,35,3178.51,1177.92
40,36,3434.41,1177.92
40,37,2200.92,1177.92
40,38,2677.39,1177.92
40,39,3178.51,1177.92
40,40,3178.51,1177.92
40,41,3178.51,1177.92
40,42,2200.92,1177.92
40,43,3178.51,1177.92
40,44,3027.32,1177.92
40,45,2677.39,1177.92
40,46,2677.39,1177.92
40,47,3434.41,1177.92
40,48,3027.32,1177.92
40,49,3027.32,1177.92
40,50,2200.92,1177.92
41,1,3178.51,1177.92
41,2,3178.51,1177.92
41,3,3178.51,1177.92
41,4,3434.41,1177.92
41,5,3178.51,1177.92
41,6,3027.32,1177.92
41,7,3178.51,1177.92
41,8,3178.51,1177.92
41,9,3178.51,1177.92
41,10,3178.51,1177.92
41,11,3027.32,1177.92
41,12,3434.41,1177.92
41,13,3434.41,1177.92
41,14,3178.51,1177.92
41,15,3434.41,1177.92
41,16,3434.41,1177.92
41,17,3178.51,1177.92
41,18,3434.41,1177.92
41,19,3434.41,1177.92
41,20,3434.41,1177.92
41,21,3434.41,1177.92
41,22,3434.41,1177.92
41,23,3434.41,1177.92
41,24,2677.39,1177.92
41,25,3434.41,1177.92
41,26,2677.39,1177.92
41,27,3434.41,1177.92
41,28,3178.51,1177.92
41,29,3434.41,1177.92
41,30,3434.41,1177.92
41,31,3434.41,1177.92
41,32,3434.41,1177.92
41,33,3434.41,1177.92
41,34,3178.51,1177.92
41,35,3178.51,1177.92
41,36,3284.61,1177.92
41,37,3434.41,1177.92
41,38,3178.51,1177.92
41,39,3434.41,1177.92
41,40,3284.61,1177.92
41,41,3284.61,1177.92
41,42,3178.51,1177.92
41,43,3178.51,1177.92
41,44,3434.41,1177.92
41,45,3027.32,1177.92
41,46,3027.32,1177.92
41,47,2200.92,1177.92
41,48,3434.41,1177.92
41,49,3434.41,1177.92
41,50,3434.41,1177.92
42,1,3178.51,1177.92
42,2,3434.41,1177.92
42,3,2200.92,1177.92
42,4,3434.41,1177.92
42,5,2200.92,1177.92
42,6,3178.51,1177.92
42,7,3434.41,1177.92
42,8,3178.51,1177.92
42,9,3178.51,1177.92
42,10,3434.41,1177.92
42,11,3178.51,1177.92
42,12,3434.41,1177.92
42,13,3178.51,1177.92
42,14,3284.61,1177.92
42,15,3434.41,1177.92
42,16,3434.41,1177.92
42,17,3434.41,1177.92
42,18,3434.41,1177.92
42,19,3178.51,1177.92
42,20,3178.51,1177.92
42,21,3434.41,1177.92
42,22,3027.32,1177.92
42,23,3027.32,1177.92
42,24,3434.41,1177.92
42,25,3434.41,1177.92
42,26,3178.51,1177.92
42,27,3434.41,1177.92
42,28,3178.51,1177.92
42,29,3434.41,1177.92
42,30,3434.41,1177.92
42,31,3434.41,1177.92
42,32,3434.41,1177.92
42,33,3434.41,1177.92
42,34,2200.92,1177.92
42,35,3178.51,1177.92
42,36,3434.41,1177.92
42,37,3027.32,1177.92
42,38,3178.51,1177.92
42,39,3178.51,1177.92
42,40,3027.32,1177.92
42,41,3434.41,1177.92
42,42,2677.39,1177.92
42,43,3434.41,1177.92
42,44,3178.51,1177.92
42,45,2200.92,1177.92
42,46,3178.51,1177.92
42,47,3434.41,1177.92
42,48,3434.41,1177.92
42,49,3434.41,1177.92
42,50,3284.61,1177.92
43,1,3178.51,1177.92
43,2,3434.41,1177.92
43,3,3027.32,1177.92
43,4,3178.51,1177.92
43,5,2200.92,1177.92
43,6,3178.51,1177.92
43,7,3434.41,1177.92
43,8,3178.51,1177.92
43,9,2200.92,1177.92
43,10,3178.51,1177.92
43,11,3178.51,1177.92
43,12,3178.51,1177.92
43,13,3178.51,1177.92
43,14,3178.51,1177.92
43,15,3434.41,1177.92
43,16,3434.41,1177.92
43,17,3434.41,1177.92
43,18,3178.51,1177.92
43,19,3434.41,1177.92
43,20,2200.92,1177.92
43,21,3178.51,1177.92
43,22,3178.51,1177.92
43,23,3434.41,1177.92
43,24,3027.32,1177.92
43,25,3178.51,1177.92
43,26,3434.41,1177.92
43,27,3434.41,1177.92
43,28,3434.41,1177.92
43,29,3434.41,1177.92
43,30,3434.41,1177.92
43,31,3178.51,1177.92
43,32,3434.41,1177.92
43,33,3178.51,1177.92
43,34,3434.41,1177.92
43,35,3434.41,1177.92
43,36,3178.51,1177.92
43,37,3434.41,1177.92
43,38,2200.92,1177.92
43,39,3178.51,1177.92
43,40,3434.41,1177.92
43,41,3434.41,1177.92
43,42,3434.41,1177.92
43,43,3027.32,1177.92
43,44,3434.41,1177.92
43,45,3434.41,1177.92
43,46,3178.51,1177.92
43,47,3434.41,1177.92
43,48,3178.51,1177.92
43,49,3178.51,1177.92
43,50,3434.41,1177.92
44,1,3284.61,1177.92
44,2,3027.32,1177.92
44,3,3178.51,1177.92
44,4,3178.51,1177.92
44,5,3434.41,1177.92
44,6,2200.92,1177.92
44,7,3434.41,1177.92
44,8,2200.92,1177.92
44,9,2200.92,1177.92
44,10,3178.51,1177.92
44,11,2200.92,1177.92
44,12,3178.51,1177.92
44,13,2200.92,1177.92
44,14,2200.92,1177.92
44,15,3178.51,1177.92
44,16,3178.51,1177.92
44,17,3178.51,1177.92
44,18,3178.51,1177.92
44,19,2200.92,1177.92
44,20,3178.51,1177.92
44,21,3284.61,1177.92
44,22,3434.41,1177.92
44,23,3434.41,1177.92
44,24,3178.51,1177.92
44,25,3434.41,1177.92
44,26,2200.92,1177.92
44,27,3434.41,1177.92
44,28,3434.41,1177.92
44,29,2677.39,1177.92
44,30,3434.41,1177.92
44,31,3434.41,1177.92
44,32,3178.51,1177.92
44,33,3178.51,1177.92
44,34,3284.61,1177.92
44,35,3434.41,1177.92
44,36,3178.51,1177.92
44,37,3434.41,1177.92
44,38,3178.51,1177.92
44,39,3434.41,1177.92
44,40,3434.41,1177.92
44,41,2677.39,1177.92
44,42,2677.39,1177.92
44,43,3434.41,1177.92
44,44,2200.92,1177.92
44,45,3434.41,1177.92
44,46,2677.39,1177.92
44,47,3434.41,1177.92
44,48,3027.32,1177.92
44,49,3284.61,1177.92
44,50,3434.41,1177.92
45,1,3178.51,1177.92
45,2,3178.51,1177.92
45,3,3178.51,1177.92
45,4,3434.41,1177.92
45,5,2200.92,1177.92
45,6,3434.41,1177.92
45,7,3434.41,1177.92
45,8,3434.41,1177.92
45,9,3434.41,1177.92
45,10,3027.32,1177.92
45,11,3178.51,1177.92
45,12,3178.51,1177.92
45,13,3434.41,1177.92
45,14,3434.41,1177.92
45,15,3178.51,1177.92
45,16,2200.92,1177.92
45,17,3027.32,1177.92
45,18,3434.41,1177.92
45,19,3178.51,1177.92
45,20,2200.92,1177.92
45,21,3434.41,1177.92
45,22,3178.51,1177.92
45,23,3434.41,1177.92
45,24,2200.92,1177.92
45,25,3434.41,1177.92
45,26,3178.51,1177.92
45,27,3434.41,1177.92
45,28,3178.51,1177.92
45,29,3178.51,1177.92
45,30,3178.51,1177.92
45,31,3284.61,1177.92
45,32,2200.92,1177.92
45,33,3178.51,1177.92
45,34,3178.51,1177.92
45,35,2200.92,1177.92
45,36,3434.41,1177.92
45,37,3434.41,1177.92
45,38,3434.41,1177.92
45,39,2200.92,1177.92
45,40,3434.41,1177.92
45,41,3178.51,1177.92
45,42,2677.39,1177.92
45,43,3434.41,1177.92
45,44,3434.41,1177.92
45,45,3178.51,1177.92
45,46,3027.32,1177.92
45,47,3027.32,1177.92
45,48,3434.41,1177.92
45,49,3434.41,1177.92
45,50,3434.41,1177.92
46,1,2200.92,1177.92
46,2,3178.51,1177.92
46,3,3178.51,1177.92
46,4,3027.32,1177.92
46,5,3434.41,1177.92
46,6,2200.92,1177.92
46,7,2200.92,1177.92
46,8,3434.41,1177.92
46,9,3434.41,1177.92
46,10,3178.51,1177.92
46,11,3178.51,1177.92
46,12,3027.32,1177.92
46,13,3178.51,1177.92
46,14,3434.41,1177.92
46,15,3434.41,1177.92
46,16,2200.92,1177.92
46,17,3434.41,1177.92
46,18,2200.92,1177.92
46,19,3434.41,1177.92
46,20,3434.41,1177.92
46,21,3178.51,1177.92
46,22,3434.41,1177.92
46,23,3434.41,1177.92
46,24,3434.41,1177.92
46,25,3434.41,1177.92
46,26,3178.51,1177.92
46,27,3434.41,1177.92
46,28,3178.51,1177.92
46,29,3434.41,1177.92
46,30,2200.92,1177.92
46,31,3178.51,1177.92
46,32,3178.51,1177.92
46,33,2200.92,1177.92
46,34,3434.41,1177.92
46,35,3178.51,1177.92
46,36,3178.51,1177.92
46,37,2677.39,1177.92
46,38,3178.51,1177.92
46,39,3178.51,1177.92
46,40,3434.41,1177.92
46,41,3178.51,1177.92
46,42,3434.41,1177.92
46,43,3284.61,1177.92
46,44,3178.51,1177.92
46,45,2200.92,1177.92
46,46,3178.51,1177.92
46,47,2200.92,1177.92
46,48,3178.51,1177.92
46,49,3178.51,1177.92
46,50,3434.41,1177.92
47,1,3434.41,1177.92
47,2,3178.51,1177.92
47,3,3178.51,1177.92
47,4,3434.41,1177.92
47,5,3178.51,1177.92
47,6,3284.61,1177.92
47,7,2200.92,1177.92
47,8,3434.41,1177.92
47,9,3178.51,1177.92
47,10,3434.41,1177.92
47,11,3434.41,1177.92
47,12,3434.41,1177.92
47,13,3434.41,1177.92
47,14,2677.39,1177.92
47,15,3178.51,1177.92
47,16,2200.92,1177.92
47,17,3434.41,1177.92
47,18,2200.92,1177.92
47,19,3434.41,1177.92
47,20,3434.41,1177.92
47,21,3434.41,1177.92
47,22,3434.41,1177.92
47,23,3178.51,1177.92
47,24,3434.41,1177.92
47,25,3434.41,1177.92
47,26,3434.41,1177.92
47,27,3178.51,1177.92
47,28,3178.51,1177.92
47,29,3434.41,1177.92
47,30,3178.51,1177.92
47,31,3178.51,1177.92
47,32,2200.92,1177.92
47,33,3434.41,1177.92
47,34,2200.92,1177.92
47,35,3178.51,1177.92
47,36,3027.32,1177.92
47,37,2200.92,1177.92
47,38,3178.51,1177.92
47,39,3434.41,1177.92
47,40,3434.41,1177.92
47,41,2677.39,1177.92
47,42,2200.92,1177.92
47,43,3434.41,1177.92
47,44,3434.41,1177.92
47,45,3434.41,1177.92
47,46,3178.51,1177.92
47,47,2200.92,1177.92
47,48,3434.41,1177.92
47,49,3434.41,1177.92
47,50,3027.32,1177.92
48,1,3178.51,1177.92
48,2,3027.32,1177.92
48,3,3178.51,1177.92
48,4,3434.41,1177.92
48,5,2200.92,1177.92
48,6,3434.41,1177.92
48,7,3178.51,1177.92
48,8,3434.41,1177.92
48,9,2200.92,1177.92
48,10,2200.92,1177.92
48,11,3178.51,1177.92
48,12,3434.41,1177.92
48,13,3178.51,1177.92
48,14,3434.41,1177.92
48,15,3434.41,1177.92
48,16,3434.41,1177.92
48,17,3284.61,1177.92
48,18,3178.51,1177.92
48,19,3178.51,1177.92
48,20,3178.51,1177.92
48,21,3434.41,1177.92
48,22,3434.41,1177.92
48,23,3178.51,1177.92
48,24,3434.41,1177.92
48,25,3178.51,1177.92
48,26,3434.41,1177.92
48,27,3178.51,1177.92
48,28,3434.41,1177.92
48,29,3434.41,1177.92
48,30,3434.41,1177.92
48,31,3178.51,1177.92
48,32,3434.41,1177.92
48,33,3434.41,1177.92
48,34,2200.92,1177.92
48,35,3027.32,1177.92
48,36,3178.51,1177.92
48,37,3434.41,1177.92
48,38,2677.39,1177.92
48,39,3178.51,1177.92
48,40,3434.41,1177.92
48,41,3178.51,1177.92
48,42,3434.41,1177.92
48,43,3178.51,1177.92
48,44,3434.41,1177.92
48,45,3178.51,1177.92
48,46,3434.41,1177.92
48,47,2200.92,1177.92
48,48,3434.41,1177.92
48,49,2200.92,1177.92
48,50,3178.51,1177.92
49,1,2200.92,1177.92
49,2,3027.32,1177.92
49,3,3027.32,1177.92
49,4,3178.51,1177.92
49,5,3434.41,1177.92
49,6,2200.92,1177.92
49,7,3178.51,1177.92
49,8,2677.39,1177.92
49,9,3027.32,1177.92
49,10,2200.92,1177.92
49,11,3434.41,1177.92
49,12,3284.61,1177.92
49,13,2200.92,1177.92
49,14,3178.51,1177.92
49,15,3178.51,1177.92
49,16,3434.41,1177.92
49,17,3434.41,1177.92
49,18,3434.41,1177.92
49,19,3434.41,1177.92
49,20,3434.41,1177.92
49,21,3284.61,1177.92
49,22,3284.61,1177.92
49,23,3434.41,1177.92
49,24,3434.41,1177.92
49,25,3178.51,1177.92
49,26,3178.51,1177.92
49,27,2200.92,1177.92
49,28,3027.32,1177.92
49,29,3434.41,1177.92
49,30,3434.41,1177.92
49,31,3178.51,1177.92
49,32,3434.41,1177.92
49,33,3434.41,1177.92
49,34,3434.41,1177.92
49,35,3434.41,1177.92
49,36,3027.32,1177.92
49,37,3284.61,1177.92
49,38,3434.41,1177.92
49,39,3178.51,1177.92
49,40,3434.41,1177.92
49,41,3434.41,1177.92
49,42,3178.51,1177.92
49,43,3178.51,1177.92
49,44,3434.41,1177.92
49,45,3434.41,1177.92
49,46,3284.61,1177.92
49,47,2677.39,1177.92
49,48,3178.51,1177.92
49,49,3178.51,1177.92
49,50,3027.32,1177.92
50,1,3284.61,1177.92
50,2,3434.41,1177.92
50,3,3027.32,1177.92
50,4,3434.41,1177.92
50,5,3434.41,1177.92
50,6,3178.51,1177.92
50,7,3178.51,1177.92
50,8,3434.41,1177.92
50,9,3178.51,1177.92
50,10,3178.51,1177.92
50,11,3434.41,1177.92
50,12,3178.51,1177.92
50,13,2200.92,1177.92
50,14,3178.51,1177.92
50,15,3434.41,1177.92
50,16,3178.51,1177.92
50,17,2677.39,1177.92
50,18,3434.41,1177.92
50,19,3178.51,1177.92
50,20,3434.41,1177.92
50,21,3178.51,1177.92
50,22,2200.92,1177.92
50,23,3434.41,1177.92
50,24,3434.41,1177.92
50,25,3027.32,1177.92
50,26,3434.41,1177.92
50,27,3434.41,1177.92
50,28,3434.41,1177.92
50,29,3178.51,1177.92
50,30,2200.92,1177.92
50,31,3434.41,1177.92
50,32,3178.51,1177.92
50,33,3178.51,1177.92
50,34,3434.41,1177.92
50,35,3178.51,1177.92
50,36,3434.41,1177.92
50,37,3284.61,1177.92
50,38,3178.51,1177.92
50,39,3284.61,1177.92
50,40,2200.92,1177.92
50,41,3434.41,1177.92
50,42,3434.41,1177.92
50,43,3178.51,1177.92
50,44,3434.41,1177.92
50,45,2200.92,1177.92
50,46,2200.92,1177.92
50,47,3434.41,1177.92
50,48,3434.41,1177.92
50,49,3178.51,1177.92
50,50,3434.41,1177.92
20,20,5510.82,5257.69
20,40,5510.82,5257.69
20,60,5510.82,5257.69
20,80,5510.82,5257.69
20,100,5510.82,5257.69
20,120,5510.82,5257.69
20,140,4434.2,4717.42
20,160,4614.92,4676.88
20,180,5510.82,5257.69
20,200,5577.35,4978.33
20,220,5626.25,4978.33
20,240,5510.82,5257.69
20,260,5577.35,4167.8
20,280,5626.25,5209.33
20,300,5510.82,5257.69
20,320,5510.82,5257.69
20,340,5577.35,3794.77
20,360,5510.82,5257.69
20,380,5626.25,4978.33
20,400,5510.82,5257.69
20,420,5510.82,5257.69
20,440,5510.82,5257.69
20,460,5626.25,4978.33
20,480,4671.7,5257.69
20,500,5510.82,5209.33
20,520,5510.82,5257.69
20,540,4434.2,4279.81
20,560,5626.25,4978.33
20,580,5510.82,5257.69
20,600,5510.82,5257.69
20,620,5510.82,5257.69
20,640,4666.56,4676.88
20,660,5510.82,5257.69
20,680,5510.82,5257.69
20,700,4434.2,4478.11
20,720,5510.82,5257.69
20,740,5577.35,3794.77
20,760,4614.92,4676.88
20,780,5577.35,3794.77
20,800,5510.82,5257.69
20,820,5510.82,5257.69
20,840,5510.82,5209.33
20,860,5577.35,4375.58
20,880,5510.82,5257.69
20,900,5510.82,5257.69
20,920,4164.23,4279.81
20,940,5577.35,4375.58
20,960,5510.82,5257.69
20,980,5577.35,4375.58
20,1000,5577.35,4375.58
40,20,4317.76,4676.88
40,40,5510.82,5257.69
40,60,5510.82,5257.69
40,80,5626.25,4978.33
40,100,5510.82,5257.69
40,120,5577.35,4375.58
40,140,5577.35,4375.58
40,160,4671.7,5257.69
40,180,5510.82,5257.69
40,200,5510.82,5257.69
40,220,5510.82,5257.69
40,240,5632.48,5209.33
40,260,5510.82,5257.69
40,280,5510.82,5257.69
40,300,5577.35,4375.58
40,320,4115.33,4279.81
40,340,5510.82,5209.33
40,360,5510.82,5257.69
40,380,5510.82,5257.69
40,400,5510.82,5257.69
40,420,5510.82,5257.69
40,440,5510.82,5209.33
40,460,5510.82,5257.69
40,480,5626.25,5209.33
40,500,5577.35,4167.8
40,520,5577.35,4375.58
40,540,4434.2,4948.42
40,560,5510.82,5257.69
40,580,5577.35,4375.58
40,600,4434.2,4875.18
40,620,5510.82,5257.69
40,640,4671.7,5257.69
40,660,4614.92,5257.69
40,680,4434.2,4478.11
40,700,4434.2,4279.81
40,720,5510.82,5257.69
40,740,5510.82,5257.69
40,760,5577.35,4519.12
40,780,5577.35,3794.77
40,800,5577.35,4519.12
40,820,4488.89,4389.55
40,840,5626.25,4978.33
40,860,5626.25,5209.33
40,880,5577.35,4167.8
40,900,5217.66,5257.69
40,920,5577.35,4978.33
40,940,4798.87,5257.69
40,960,5632.48,5209.33
40,980,5626.25,5209.33
40,1000,5510.82,5257.69
60,20,5510.82,5257.69
60,40,5626.25,5209.33
60,60,5510.82,5257.69
60,80,5626.25,4978.33
60,100,4434.2,4478.11
60,120,5510.82,5257.69
60,140,5510.82,5257.69
60,160,5510.82,5257.69
60,180,4614.92,5257.69
60,200,5626.25,5209.33
60,220,5510.82,5257.69
60,240,5510.82,5257.69
60,260,5510.82,5257.69
60,280,5510.82,5257.69
60,300,4434.2,4279.81
60,320,5510.82,5257.69
60,340,5510.82,5257.69
60,360,5510.82,5257.69
60,380,5510.82,5257.69
60,400,5510.82,5257.69
60,420,5626.25,4978.33
60,440,5577.35,4375.58
60,460,5510.82,5257.69
60,480,5510.82,5257.69
60,500,5510.82,5209.33
60,520,5510.82,5209.33
60,540,5510.82,5257.69
60,560,5510.82,5257.69
60,580,4436.8,4875.18
60,600,5510.82,5257.69
60,620,5510.82,5257.69
60,640,4434.2,4478.11
60,660,5626.25,4978.33
60,680,5626.25,5209.33
60,700,5626.25,5209.33
60,720,4762.59,4770.7
60,740,5510.82,5257.69
60,760,5510.82,5257.69
60,780,5510.82,5257.69
60,800,4434.2,4478.11
60,820,4614.92,4676.88
60,840,5510.82,5209.33
60,860,4671.7,5257.69
60,880,5510.82,5209.33
60,900,5510.82,5257.69
60,920,5626.25,4978.33
60,940,5626.25,5209.33
60,960,5510.82,5257.69
60,980,5626.25,5209.33
60,1000,4614.92,5257.69
80,20,5626.25,5209.33
80,40,5577.35,4375.58
80,60,4434.63,4389.55
80,80,4436.8,4770.7
80,100,5510.82,5257.69
80,120,5510.82,5257.69
80,140,5510.82,5257.69
80,160,5510.82,5257.69
80,180,5510.82,5209.33
80,200,5510.82,5257.69
80,220,5626.25,4978.33
80,240,5626.25,5209.33
80,260,5577.35,3794.77
80,280,5510.82,5257.69
80,300,5510.82,5257.69
80,320,4115.33,4279.81
80,340,5577.35,4375.58
80,360,5577.35,4375.58
80,380,5510.82,5257.69
80,400,5510.82,5257.69
80,420,5510.82,5209.33
80,440,5510.82,5257.69
80,460,5510.82,5257.69
80,480,4436.8,4875.18
80,500,5213.75,5257.69
80,520,5510.82,5209.33
80,540,5510.82,5257.69
80,560,4434.63,4389.55
